{
 "rotation": [
  [
   0.9999999403953552,
   -2.0648790268751327e-06,
   0.00023019374930299819,
   2.078988018183736e-06,
   1.0,
   -6.12916483078152e-05,
   -0.0002301936037838459,
   6.129212124506012e-05,
   1.0
  ],
  [
   0.9999999403953552,
   6.115666110417806e-06,
   0.00020633979875128716,
   -6.098347057559295e-06,
   1.0,
   -8.393394091399387e-05,
   -0.00020634029351640493,
   8.393268944928423e-05,
   1.0
  ],
  [
   0.9999999403953552,
   2.912157287937589e-05,
   0.00021993034170009196,
   -2.9095075660734437e-05,
   1.0,
   -0.00012048668577335775,
   -0.00021993383415974677,
   0.00012048029020661488,
   1.0
  ],
  [
   0.9999999403953552,
   2.009235140576493e-05,
   0.00023012459860183299,
   -2.004017005674541e-05,
   0.9999999403953552,
   -0.00022675858053844422,
   -0.00023012915335129946,
   0.00022675396758131683,
   1.0
  ],
  [
   0.9999999403953552,
   -2.613185642985627e-05,
   0.00021063299209345132,
   2.6200998036074452e-05,
   0.9999999403953552,
   -0.00032825415837578475,
   -0.00021062440646346658,
   0.0003282596589997411,
   0.9999998807907104
  ],
  [
   1.0,
   -2.2013637135387398e-05,
   0.00014287469093687832,
   2.2077778339735232e-05,
   0.9999999403953552,
   -0.00044895539758726954,
   -0.00014286479563452303,
   0.00044895854080095887,
   0.9999998807907104
  ],
  [
   1.0,
   1.0793559340527281e-05,
   0.00015886302571743727,
   -1.0697505786083639e-05,
   0.9999998211860657,
   -0.0006046182825230062,
   -0.00015886951587162912,
   0.0006046166527085006,
   0.9999997615814209
  ],
  [
   1.0,
   -7.408337751257932e-06,
   0.00016709871124476194,
   7.525998626078945e-06,
   0.9999997615814209,
   -0.0007041519274935126,
   -0.00016709347255527973,
   0.0007041531498543918,
   0.9999997615814209
  ],
  [
   1.0,
   1.2162879102106672e-05,
   0.00016133836470544338,
   -1.2038433851557784e-05,
   0.9999997019767761,
   -0.0007713062223047018,
   -0.00016134769248310477,
   0.0007713043596595526,
   0.9999997615814209
  ],
  [
   1.0,
   -3.165214366163127e-05,
   7.618265954079106e-05,
   3.1707404559710994e-05,
   0.9999997019767761,
   -0.0007254873053170741,
   -7.615966751473024e-05,
   0.0007254896336235106,
   0.9999997615814209
  ],
  [
   1.0,
   1.3997281712363474e-05,
   7.078226917656139e-05,
   -1.3938087249698583e-05,
   0.9999996423721313,
   -0.0008362107328139246,
   -7.079394708853215e-05,
   0.0008362096850760281,
   0.9999996423721313
  ],
  [
   1.0,
   4.4430294110497925e-06,
   2.398915785306599e-05,
   -4.422757228894625e-06,
   0.9999996423721313,
   -0.0008449793676845729,
   -2.399290315224789e-05,
   0.0008449792512692511,
   0.9999996423721313
  ],
  [
   1.0,
   3.39298858307302e-05,
   -2.2893516870681196e-05,
   -3.395018575247377e-05,
   0.9999996423721313,
   -0.0008872983162291348,
   2.286340168211609e-05,
   0.0008872990729287267,
   0.9999996423721313
  ],
  [
   1.0,
   -1.6358284483430907e-05,
   -9.407364996150136e-05,
   1.627220626687631e-05,
   0.9999995827674866,
   -0.000914938747882843,
   9.408857295056805e-05,
   0.0009149372344836593,
   0.9999995231628418
  ],
  [
   0.9999999403953552,
   -0.00013631529873237014,
   -0.00017396897601429373,
   0.00013614859199151397,
   0.9999995827674866,
   -0.0009578542085364461,
   0.00017409944848623127,
   0.0009578305180184543,
   0.9999995231628418
  ],
  [
   0.9999999403953552,
   -0.00021374874631874263,
   -0.0002759936614893377,
   0.0002134859241778031,
   0.9999995231628418,
   -0.0009519841987639666,
   0.0002761969808489084,
   0.000951925350818783,
   0.9999995231628418
  ],
  [
   0.9999999403953552,
   -0.00023972481722012162,
   -0.00028517766622826457,
   0.00023944556596688926,
   0.9999995231628418,
   -0.0009788967436179519,
   0.00028541218489408493,
   0.0009788284078240395,
   0.9999995231628418
  ],
  [
   0.9999999403953552,
   -0.0002785100950859487,
   -0.00036256894236430526,
   0.0002781387884169817,
   0.9999994039535522,
   -0.0010237807873636484,
   0.0003628538688644767,
   0.0010236799716949463,
   0.9999994039535522
  ],
  [
   0.9999998211860657,
   -0.0003674107138067484,
   -0.0004726405022665858,
   0.00036691673449240625,
   0.9999994039535522,
   -0.0010448466055095196,
   0.0004730241489596665,
   0.0010446730302646756,
   0.9999992847442627
  ],
  [
   0.9999997615814209,
   -0.00032908248249441385,
   -0.0005546150496229529,
   0.0003284489212092012,
   0.9999992847442627,
   -0.0011421188246458769,
   0.0005549905472435057,
   0.0011419362854212523,
   0.9999992847442627
  ],
  [
   0.9999996423721313,
   -0.0004094196483492851,
   -0.0007366705685853958,
   0.0004085334949195385,
   0.9999992251396179,
   -0.0012026125332340598,
   0.0007371624233201146,
   0.001202311017550528,
   0.9999990463256836
  ],
  [
   0.999999463558197,
   -0.0004644330183509737,
   -0.0009123148629441857,
   0.0004632673808373511,
   0.9999990463256836,
   -0.001277451403439045,
   0.0009129073587246239,
   0.0012770281173288822,
   0.9999988079071045
  ],
  [
   0.9999993443489075,
   -0.00043053439003415406,
   -0.0010689499322324991,
   0.00042900213156826794,
   0.999998927116394,
   -0.0014332463033497334,
   0.0010695660021156073,
   0.0014327868120744824,
   0.9999984502792358
  ],
  [
   0.9999991059303284,
   -0.0004993905895389616,
   -0.0012660786742344499,
   0.0004975343472324312,
   0.9999988079071045,
   -0.0014660217566415668,
   0.0012668091803789139,
   0.0014653904363512993,
   0.9999980926513672
  ],
  [
   0.9999988079071045,
   -0.0006467831553891301,
   -0.0014282497577369213,
   0.000644475978333503,
   0.9999984502792358,
   -0.0016153117176145315,
   0.0014292923733592033,
   0.0016143892426043749,
   0.9999977350234985
  ],
  [
   0.9999986290931702,
   -0.0006978223682381213,
   -0.0015123538905754685,
   0.000695294642355293,
   0.9999983310699463,
   -0.001671290840022266,
   0.001513517927378416,
   0.0016702370485290885,
   0.9999974966049194
  ],
  [
   0.9999984502792358,
   -0.0007800832972861826,
   -0.0015792103949934244,
   0.000777471053879708,
   0.9999983310699463,
   -0.0016540351789444685,
   0.0015804980648681521,
   0.0016528046689927578,
   0.9999973773956299
  ],
  [
   0.9999983906745911,
   -0.0008619607542641461,
   -0.001576411770656705,
   0.0008594267419539392,
   0.9999983906745911,
   -0.001607429818250239,
   0.0015777947846800089,
   0.0016060724155977368,
   0.9999974966049194
  ],
  [
   0.9999984502792358,
   -0.0009301596437580884,
   -0.0015122537733986974,
   0.0009275402990169823,
   0.9999980926513672,
   -0.0017318533500656486,
   0.0015138618182390928,
   0.001730447867885232,
   0.9999973773956299
  ],
  [
   0.9999983310699463,
   -0.0007024948135949671,
   -0.0017131520435214043,
   0.0006993416463956237,
   0.9999980926513672,
   -0.001840548007749021,
   0.0017144418088719249,
   0.001839346718043089,
   0.9999969005584717
  ],
  [
   0.9999978542327881,
   -0.0007467938121408224,
   -0.0019324589520692825,
   0.0007433465798385441,
   0.999998152256012,
   -0.0017839508363977075,
   0.0019337877165526152,
   0.0017825105460360646,
   0.999996542930603
  ],
  [
   0.9999974966049194,
   -0.0007303635939024389,
   -0.002110900357365608,
   0.0007263899897225201,
   0.9999979734420776,
   -0.0018825782462954521,
   0.002112271264195442,
   0.0018810405163094401,
   0.9999959468841553
  ],
  [
   0.9999972581863403,
   -0.000755862332880497,
   -0.0022233910858631134,
   0.0007515655015595257,
   0.9999977946281433,
   -0.0019327455665916204,
   0.0022248472087085247,
   0.0019310691859573126,
   0.9999957084655762
  ],
  [
   0.9999972581863403,
   -0.0006424196762964129,
   -0.0022688827011734247,
   0.0006378963589668274,
   0.9999977946281433,
   -0.0019938345067203045,
   0.0022701588459312916,
   0.0019923816435039043,
   0.9999954700469971
  ],
  [
   0.9999970197677612,
   -0.000522626331076026,
   -0.0024019088596105576,
   0.0005175247206352651,
   0.9999975562095642,
   -0.002124172868207097,
   0.0024030134081840515,
   0.0021229234989732504,
   0.9999948740005493
  ],
  [
   0.9999964833259583,
   -0.0004793713742401451,
   -0.0026016428600996733,
   0.0004737803537864238,
   0.999997615814209,
   -0.002149241976439953,
   0.0026026670821011066,
   0.0021480019204318523,
   0.9999942779541016
  ],
  [
   0.999995768070221,
   -0.0006563278147950768,
   -0.0028199495282024145,
   0.0006502104224637151,
   0.9999974370002747,
   -0.0021696945186704397,
   0.0028213660698384047,
   0.002167851896956563,
   0.9999936819076538
  ],
  [
   0.9999948143959045,
   -0.0006869548815302551,
   -0.003134340513497591,
   0.0006798856193199754,
   0.9999972581863403,
   -0.002255914965644479,
   0.003135881619527936,
   0.0022537722252309322,
   0.9999924898147583
  ],
  [
   0.9999943375587463,
   -0.000798485882114619,
   -0.00328223779797554,
   0.0007910076528787613,
   0.999997079372406,
   -0.002279047854244709,
   0.0032840482890605927,
   0.0022764382883906364,
   0.9999920129776001
  ],
  [
   0.9999934434890747,
   -0.0008243054035119712,
   -0.0035257553681731224,
   0.0008161896839737892,
   0.9999970197677612,
   -0.0023026715498417616,
   0.0035276426933705807,
   0.002299778861925006,
   0.9999911785125732
  ],
  [
   0.9999929070472717,
   -0.0009744474082253873,
   -0.0036293682642281055,
   0.000966003630310297,
   0.9999967813491821,
   -0.0023275355342775583,
   0.003631624858826399,
   0.0023240132723003626,
   0.999990701675415
  ],
  [
   0.9999920725822449,
   -0.000982222962193191,
   -0.0038547564763575792,
   0.0009729706798680127,
   0.9999966025352478,
   -0.00240137055516243,
   0.0038571027107536793,
   0.00239760079421103,
   0.9999897480010986
  ],
  [
   0.9999914169311523,
   -0.0009734634077176452,
   -0.0040215132758021355,
   0.0009633756126277149,
   0.9999963641166687,
   -0.002509638201445341,
   0.004023941233754158,
   0.0025057427119463682,
   0.9999887943267822
  ],
  [
   0.9999901056289673,
   -0.0009722652612254024,
   -0.004328008741140366,
   0.0009612540598027408,
   0.9999962449073792,
   -0.002545558148995042,
   0.004330468364059925,
   0.0025413725525140762,
   0.9999873638153076
  ],
  [
   0.9999889731407166,
   -0.0010035827290266752,
   -0.004590826574712992,
   0.0009916755370795727,
   0.9999961256980896,
   -0.0025952633004635572,
   0.004593413323163986,
   0.00259068189188838,
   0.9999861717224121
  ],
  [
   0.999988317489624,
   -0.0008810373255982995,
   -0.004748757462948561,
   0.000868207891471684,
   0.9999960064888,
   -0.0027030271012336016,
   0.004751119296997786,
   0.0026988729368895292,
   0.9999850988388062
  ],
  [
   0.9999867677688599,
   -0.0009931290987879038,
   -0.005047107581049204,
   0.0009788799798116088,
   0.9999955296516418,
   -0.0028249078895896673,
   0.005049890372902155,
   0.0028199299704283476,
   0.9999833106994629
  ],
  [
   0.9999861121177673,
   -0.0007671464118175209,
   -0.005221076775342226,
   0.0007518021739087999,
   0.9999953508377075,
   -0.00294024427421391,
   0.005223308224231005,
   0.00293627823702991,
   0.9999821186065674
  ],
  [
   0.9999852776527405,
   -0.0006378432735800743,
   -0.005394159350544214,
   0.0006220543873496354,
   0.9999954700469971,
   -0.002928203670307994,
   0.005396002437919378,
   0.0029248050414025784,
   0.999981164932251
  ],
  [
   0.9999840259552002,
   -0.0008066116715781391,
   -0.0056044068187475204,
   0.0007903352379798889,
   0.9999954700469971,
   -0.002905826782807708,
   0.0056067262776196,
   0.0029013510793447495,
   0.9999799728393555
  ],
  [
   0.9999818801879883,
   -0.0008778155897744,
   -0.005958972964435816,
   0.0008606589399278164,
   0.9999954700469971,
   -0.002881103428080678,
   0.00596147496253252,
   0.0028759227134287357,
   0.9999780654907227
  ],
  [
   0.9999796152114868,
   -0.0010563288815319538,
   -0.006304517388343811,
   0.0010385047644376755,
   0.9999954700469971,
   -0.002829824574291706,
   0.006307478528469801,
   0.0028232194017618895,
   0.9999761581420898
  ],
  [
   0.9999770522117615,
   -0.0009247248526662588,
   -0.006706414744257927,
   0.0009046279010362923,
   0.9999950528144836,
   -0.002999086631461978,
   0.006709154695272446,
   0.002992951311171055,
   0.9999730587005615
  ],
  [
   0.9999752044677734,
   -0.0008823279058560729,
   -0.006992954295128584,
   0.0008608289062976837,
   0.9999948740005493,
   -0.0030768055003136396,
   0.006995633710175753,
   0.0030707092955708504,
   0.9999709129333496
  ],
  [
   0.9999721050262451,
   -0.0009818504331633449,
   -0.007410578429698944,
   0.000958882097620517,
   0.999994695186615,
   -0.0031023179180920124,
   0.00741358520463109,
   0.0030951255466789007,
   0.9999676942825317
  ],
  [
   0.9999696016311646,
   -0.0007990748272277415,
   -0.007761511951684952,
   0.0007755332626402378,
   0.9999951124191284,
   -0.003035656874999404,
   0.007763899862766266,
   0.00302954507060349,
   0.9999653100967407
  ],
  [
   0.9999697208404541,
   -0.00033879370312206447,
   -0.007769817020744085,
   0.0003135092556476593,
   0.9999946355819702,
   -0.0032551782205700874,
   0.007770878728479147,
   0.003252643859013915,
   0.9999644756317139
  ],
  [
   0.9999686479568481,
   -0.0003727055445779115,
   -0.007909710519015789,
   0.00034504549694247544,
   0.9999938607215881,
   -0.0034980487544089556,
   0.007910965010523796,
   0.0034952096175402403,
   0.999962568283081
  ],
  [
   0.999965488910675,
   -0.0003431973746046424,
   -0.008295375853776932,
   0.00031465309439226985,
   0.9999939799308777,
   -0.003442047629505396,
   0.00829650741070509,
   0.0034393188543617725,
   0.9999597072601318
  ],
  [
   0.9999583959579468,
   -0.000495702086482197,
   -0.009108738973736763,
   0.00046547604142688215,
   0.9999943375587463,
   -0.0033201740588992834,
   0.009110333397984505,
   0.0033157961443066597,
   0.999953031539917
  ],
  [
   0.9999509453773499,
   -0.0006099944585002959,
   -0.009886408224701881,
   0.0005776119069196284,
   0.9999944567680359,
   -0.003277989337220788,
   0.009888352826237679,
   0.0032721185125410557,
   0.9999457597732544
  ],
  [
   0.9999540448188782,
   -0.0011432669125497341,
   -0.009517311118543148,
   0.0011117964750155807,
   0.9999939203262329,
   -0.0033112855162471533,
   0.009521039202809334,
   0.0033005522564053535,
   0.9999492168426514
  ],
  [
   0.9999496340751648,
   -0.0014080610126256943,
   -0.009935303591191769,
   0.0013741726288571954,
   0.9999932646751404,
   -0.003416907973587513,
   0.009940048679709435,
   0.003403083188459277,
   0.999944806098938
  ],
  [
   0.9999569654464722,
   -9.684998804004863e-05,
   -0.009272366762161255,
   6.150524131953716e-05,
   0.9999927282333374,
   -0.0038120467215776443,
   0.00927266851067543,
   0.0038113128393888474,
   0.9999496936798096
  ],
  [
   0.9999554753303528,
   2.0655848857131787e-05,
   -0.009435714222490788,
   -5.7321849453728646e-05,
   0.9999924898147583,
   -0.0038856202736496925,
   0.0094355633482337,
   0.0038859883788973093,
   0.9999479055404663
  ],
  [
   0.9999530911445618,
   3.196601028321311e-05,
   -0.009681823663413525,
   -7.016199378995225e-05,
   0.9999922513961792,
   -0.003944808151572943,
   0.009681622497737408,
   0.003945303149521351,
   0.9999452829360962
  ],
  [
   0.999950647354126,
   4.686983811552636e-05,
   -0.009931756183505058,
   -8.638572762720287e-05,
   0.9999920725822449,
   -0.003978349734097719,
   0.009931490756571293,
   0.0039790114387869835,
   0.9999427795410156
  ],
  [
   0.999947726726532,
   2.0186014808132313e-05,
   -0.010228363797068596,
   -6.099625534261577e-05,
   0.9999920725822449,
   -0.003989612217992544,
   0.010228202678263187,
   0.003990027122199535,
   0.9999396800994873
  ],
  [
   0.9999445676803589,
   -3.4489046811359e-05,
   -0.010525235906243324,
   -7.62591662351042e-06,
   0.9999919533729553,
   -0.004001266323029995,
   0.010525288991630077,
   0.004001124761998653,
   0.9999366998672485
  ],
  [
   0.9999421238899231,
   7.88013931014575e-05,
   -0.010763292200863361,
   -0.00012283606338314712,
   0.9999915957450867,
   -0.004090591333806515,
   0.010762878693640232,
   0.004091676324605942,
   0.9999337196350098
  ],
  [
   0.9999389052391052,
   0.00018504576291888952,
   -0.011049187742173672,
   -0.00023048032016959041,
   0.9999914765357971,
   -0.004110893700271845,
   0.011048334650695324,
   0.004113189876079559,
   0.9999305009841919
  ],
  [
   0.999936580657959,
   0.0002939328842330724,
   -0.011259513907134533,
   -0.0003409435448702425,
   0.999991238117218,
   -0.00417350372299552,
   0.01125818956643343,
   0.0041770776733756065,
   0.9999279975891113
  ],
  [
   0.999933123588562,
   0.00026622426230460405,
   -0.01156080886721611,
   -0.00031636308995075524,
   0.9999905824661255,
   -0.00433535547927022,
   0.011559545062482357,
   0.004338722676038742,
   0.9999237060546875
  ],
  [
   0.9999286532402039,
   0.00016819758457131684,
   -0.011946575716137886,
   -0.00022064216318540275,
   0.9999903440475464,
   -0.00438874214887619,
   0.011945721693336964,
   0.0043910653330385685,
   0.9999189376831055
  ],
  [
   0.999924898147583,
   0.00020472567121032625,
   -0.012253263033926487,
   -0.00026024976978078485,
   0.9999896883964539,
   -0.004529947880655527,
   0.012252209708094597,
   0.0045327963307499886,
   0.9999147653579712
  ],
  [
   0.9999215602874756,
   0.00023131544003263116,
   -0.012524890713393688,
   -0.0002874251804314554,
   0.999989926815033,
   -0.0044782436452806,
   0.012523729354143143,
   0.004481492564082146,
   0.9999115467071533
  ],
  [
   0.9999182820320129,
   0.00046856404514983296,
   -0.012772250920534134,
   -0.0005274985451251268,
   0.9999892711639404,
   -0.004611279349774122,
   0.012769952416419983,
   0.004617640748620033,
   0.9999077320098877
  ],
  [
   0.999916672706604,
   0.0005525537417270243,
   -0.012901105917990208,
   -0.0006131513509899378,
   0.9999887943267822,
   -0.0046936022117733955,
   0.012898368760943413,
   0.004701122175902128,
   0.9999057054519653
  ],
  [
   0.9999128580093384,
   0.00048448872985318303,
   -0.01318963523954153,
   -0.0005475906073115766,
   0.9999884366989136,
   -0.004781006835401058,
   0.013187168166041374,
   0.004787813406437635,
   0.999901533126831
  ],
  [
   0.9999097585678101,
   0.0005981474532745779,
   -0.013421718962490559,
   -0.0006627917755395174,
   0.9999881982803345,
   -0.004812469240278006,
   0.013418680988252163,
   0.0048209307715296745,
   0.9998983144760132
  ],
  [
   0.9999061822891235,
   0.0005064443103037775,
   -0.013685849495232105,
   -0.0005738891195505857,
   0.9999876618385315,
   -0.004924592096358538,
   0.01368318684399128,
   0.004931985400617123,
   0.9998941421508789
  ],
  [
   0.9999035596847534,
   0.000583249144256115,
   -0.013879130594432354,
   -0.0006516211433336139,
   0.9999877214431763,
   -0.004922232590615749,
   0.01387608889490366,
   0.004930802155286074,
   0.9998915195465088
  ],
  [
   0.9998999238014221,
   0.0006410633795894682,
   -0.014134958386421204,
   -0.000712154374923557,
   0.9999871253967285,
   -0.005024985875934362,
   0.014131555333733559,
   0.005034548696130514,
   0.9998874664306641
  ],
  [
   0.9998965859413147,
   0.0008180880104191601,
   -0.014361429959535599,
   -0.0008913304191082716,
   0.9999866485595703,
   -0.005094288382679224,
   0.014357070438563824,
   0.005106562282890081,
   0.9998838901519775
  ],
  [
   0.9998923540115356,
   0.0008292890270240605,
   -0.014649063348770142,
   -0.0009045812184922397,
   0.9999864101409912,
   -0.005133854690939188,
   0.014644607901573181,
   0.005146553739905357,
   0.9998794794082642
  ],
  [
   0.9998887777328491,
   0.0009784952271729708,
   -0.014879061840474606,
   -0.0010566409910097718,
   0.9999856948852539,
   -0.0052450974471867085,
   0.014873717911541462,
   0.00526023656129837,
   0.9998754262924194
  ],
  [
   0.9998832941055298,
   0.0009989675600081682,
   -0.015241706743836403,
   -0.0010800888994708657,
   0.9999853372573853,
   -0.005315020214766264,
   0.015236174687743187,
   0.005330862011760473,
   0.999869704246521
  ],
  [
   0.999879777431488,
   0.0010011248523369431,
   -0.015473715960979462,
   -0.001084176474250853,
   0.9999850988388062,
   -0.005359816364943981,
   0.015468120574951172,
   0.005375949200242758,
   0.9998658895492554
  ],
  [
   0.9998759031295776,
   0.0008598805288784206,
   -0.01573021337389946,
   -0.0009463252499699593,
   0.9999844431877136,
   -0.005488839000463486,
   0.01572524756193161,
   0.005503043998032808,
   0.9998612403869629
  ],
  [
   0.9998718500137329,
   0.0008086783345788717,
   -0.015991464257240295,
   -0.0008966150926426053,
   0.9999845623970032,
   -0.005492569413036108,
   0.01598677597939968,
   0.005506204441189766,
   0.9998569488525391
  ],
  [
   0.9998679757118225,
   0.0008755197050049901,
   -0.01622258499264717,
   -0.0009654610184952617,
   0.9999842047691345,
   -0.005537205841392279,
   0.016217481344938278,
   0.005552137270569801,
   0.9998530149459839
  ],
  [
   0.9998651742935181,
   0.0010739322751760483,
   -0.016387447714805603,
   -0.0011652434477582574,
   0.9999838471412659,
   -0.0055634803138673306,
   0.01638120971620083,
   0.0055818259716033936,
   0.9998501539230347
  ],
  [
   0.9998613595962524,
   0.0010217484086751938,
   -0.01662016659975052,
   -0.0011136388638988137,
   0.9999841451644897,
   -0.005520541220903397,
   0.016614262014627457,
   0.005538284778594971,
   0.9998465776443481
  ],
  [
   0.9998579025268555,
   0.0011757464380934834,
   -0.016819020733237267,
   -0.0012696199119091034,
   0.9999836683273315,
   -0.005571797490119934,
   0.016812194138765335,
   0.005592359229922295,
   0.9998431205749512
  ],
  [
   0.9998550415039062,
   0.0012371023185551167,
   -0.016979383304715157,
   -0.0013328097993507981,
   0.9999832510948181,
   -0.005626527592539787,
   0.016972139477729797,
   0.005648342426866293,
   0.9998399019241333
  ],
  [
   0.9998512864112854,
   0.0011330241104587913,
   -0.017211737111210823,
   -0.0012293338077142835,
   0.9999836683273315,
   -0.005586040206253529,
   0.01720512844622135,
   0.005606368649750948,
   0.9998362064361572
  ],
  [
   0.999849259853363,
   0.0012864680029451847,
   -0.017318081110715866,
   -0.0013863604981452227,
   0.999982476234436,
   -0.005757346283644438,
   0.0173103716224432,
   0.005780487321317196,
   0.9998334646224976
  ],
  [
   0.9998462796211243,
   0.0012360319960862398,
   -0.017491962760686874,
   -0.001335458247922361,
   0.999983012676239,
   -0.005673575215041637,
   0.017484651878476143,
   0.0056960624642670155,
   0.999830961227417
  ],
  [
   0.9998438954353333,
   0.0014056273503229022,
   -0.017615225166082382,
   -0.0015084915794432163,
   0.9999818801879883,
   -0.005827577784657478,
   0.017606714740395546,
   0.005853240378201008,
   0.9998278617858887
  ],
  [
   0.9998403191566467,
   0.0013818672159686685,
   -0.017819400876760483,
   -0.0014844819670543075,
   0.9999824166297913,
   -0.0057466584257781506,
   0.017811143770813942,
   0.0057721929624676704,
   0.9998248219490051
  ],
  [
   0.9998376369476318,
   0.0015147571684792638,
   -0.017958490177989006,
   -0.0016189218731597066,
   0.9999819397926331,
   -0.00578717514872551,
   0.01794940046966076,
   0.005815308541059494,
   0.9998220801353455
  ],
  [
   0.9998330473899841,
   0.0013805805938318372,
   -0.018222790211439133,
   -0.0014854071196168661,
   0.999982476234436,
   -0.00574022950604558,
   0.018214542418718338,
   0.0057663386687636375,
   0.999817430973053
  ],
  [
   0.9998317360877991,
   0.0014772694557905197,
   -0.018285784870386124,
   -0.0015838921535760164,
   0.9999818205833435,
   -0.005817796569317579,
   0.01827685721218586,
   0.0058457800187170506,
   0.9998158812522888
  ],
  [
   0.9998301267623901,
   0.0016996265621855855,
   -0.018353568390011787,
   -0.0018074646359309554,
   0.999981164932251,
   -0.005860605277121067,
   0.018343262374401093,
   0.005892782937735319,
   0.9998143315315247
  ],
  [
   0.9998276233673096,
   0.0016188137233257294,
   -0.018498288467526436,
   -0.0017274807905778289,
   0.9999813437461853,
   -0.0058599719777703285,
   0.018488455563783646,
   0.005890917032957077,
   0.9998117089271545
  ],
  [
   0.9998246431350708,
   0.0014980339910835028,
   -0.018668610602617264,
   -0.001606829115189612,
   0.9999818205833435,
   -0.005814068950712681,
   0.01865956000983715,
   0.005843047052621841,
   0.9998088479042053
  ],
  [
   0.9998221397399902,
   0.0016383937327191234,
   -0.018786372616887093,
   -0.0017475518397986889,
   0.9999816417694092,
   -0.005795544013381004,
   0.018776532262563705,
   0.00582734402269125,
   0.999806821346283
  ],
  [
   0.9998209476470947,
   0.0016873790882527828,
   -0.01884712092578411,
   -0.001798307872377336,
   0.999981164932251,
   -0.005870324093848467,
   0.0188368558883667,
   0.005903166253119707,
   0.9998051524162292
  ],
  [
   0.9998184442520142,
   0.00173528166487813,
   -0.018973784521222115,
   -0.0018476557452231646,
   0.9999808073043823,
   -0.005906670819967985,
   0.018963169306516647,
   0.005940656177699566,
   0.9998026490211487
  ],
  [
   0.9998165965080261,
   0.0017477688379585743,
   -0.019069332629442215,
   -0.001861644210293889,
   0.9999805092811584,
   -0.005955541040748358,
   0.019058551639318466,
   0.005989949218928814,
   0.9998005032539368
  ],
  [
   0.9998149871826172,
   0.0017459049122408032,
   -0.019155655056238174,
   -0.0018599835457280278,
   0.9999806880950928,
   -0.005939158610999584,
   0.01914491504430771,
   0.005973688792437315,
   0.9997988343238831
  ],
  [
   0.9998140335083008,
   0.0017956785159185529,
   -0.019200753420591354,
   -0.001910292194224894,
   0.9999804496765137,
   -0.00595256220549345,
   0.019189687445759773,
   0.005988134536892176,
   0.9997979998588562
  ],
  [
   0.9998120665550232,
   0.0018263073870912194,
   -0.019299892708659172,
   -0.001941690337844193,
   0.9999803304672241,
   -0.005961377639323473,
   0.019288627430796623,
   0.005997731350362301,
   0.9997959733009338
  ],
  [
   0.9998103976249695,
   0.0018241900252178311,
   -0.019385771825909615,
   -0.0019404161721467972,
   0.9999802708625793,
   -0.005978319328278303,
   0.019374484196305275,
   0.006014802493155003,
   0.9997941851615906
  ],
  [
   0.9998096823692322,
   0.0017276114085689187,
   -0.019431373104453087,
   -0.001846914878115058,
   0.9999794960021973,
   -0.006123467348515987,
   0.01942039467394352,
   0.006158190779387951,
   0.9997925162315369
  ],
  [
   0.9998080730438232,
   0.0018943871837109327,
   -0.019499387592077255,
   -0.0020140819251537323,
   0.9999791979789734,
   -0.006120583042502403,
   0.01948738656938076,
   0.0061586820520460606,
   0.9997912049293518
  ],
  [
   0.9998056292533875,
   0.0018645619275048375,
   -0.019629068672657013,
   -0.001984999980777502,
   0.9999793171882629,
   -0.006118007004261017,
   0.01961725391447544,
   0.006155780982226133,
   0.9997885823249817
  ],
  [
   0.9998059868812561,
   0.001930553000420332,
   -0.01960086077451706,
   -0.0020534556824713945,
   0.9999783039093018,
   -0.006252082996070385,
   0.019588366150856018,
   0.00629111984744668,
   0.9997883439064026
  ],
  [
   0.9998076558113098,
   0.0020508510060608387,
   -0.01950710453093052,
   -0.0021748498547822237,
   0.9999775886535645,
   -0.00633750855922699,
   0.019493665546178818,
   0.006378714926540852,
   0.9997896552085876
  ],
  [
   0.9998073577880859,
   0.0022025196813046932,
   -0.019501054659485817,
   -0.0023278743028640747,
   0.9999767541885376,
   -0.00640773493796587,
   0.01948648877441883,
   0.006451896391808987,
   0.999789297580719
  ],
  [
   0.9998052716255188,
   0.0020582634024322033,
   -0.019626004621386528,
   -0.0021830012556165457,
   0.9999775886535645,
   -0.006336442660540342,
   0.019612519070506096,
   0.006378052290529013,
   0.9997872710227966
  ],
  [
   0.99980229139328,
   0.001881365547887981,
   -0.019792381674051285,
   -0.0020070092286914587,
   0.9999780058860779,
   -0.006330142263323069,
   0.019780034199357033,
   0.006368614733219147,
   0.9997841715812683
  ],
  [
   0.999803364276886,
   0.0019959101919084787,
   -0.019727380946278572,
   -0.0021232599392533302,
   0.9999769926071167,
   -0.006436638999730349,
   0.019714077934622765,
   0.006477260030806065,
   0.9997846484184265
  ],
  [
   0.9998036623001099,
   0.0020012217573821545,
   -0.0197119303047657,
   -0.00212983344681561,
   0.9999765157699585,
   -0.006505716126412153,
   0.019698450341820717,
   0.006546422839164734,
   0.9997846484184265
  ],
  [
   0.9998025298118591,
   0.0021139264572411776,
   -0.019761135801672935,
   -0.0022425251081585884,
   0.999976396560669,
   -0.006487755104899406,
   0.019746951758861542,
   0.0065307882614433765,
   0.9997835755348206
  ],
  [
   0.9998018145561218,
   0.0020202980376780033,
   -0.01980317011475563,
   -0.0021499746944755316,
   0.9999763369560242,
   -0.006529183592647314,
   0.01978951320052147,
   0.006570466794073582,
   0.9997826218605042
  ],
  [
   0.9998029470443726,
   0.0021847423631697893,
   -0.01972966641187668,
   -0.0023158383555710316,
   0.9999753832817078,
   -0.006624226458370686,
   0.019714705646038055,
   0.00666861142963171,
   0.9997833371162415
  ],
  [
   0.9998032450675964,
   0.0021114966366440058,
   -0.019723910838365555,
   -0.002243087161332369,
   0.9999753832817078,
   -0.00665187556296587,
   0.019709382206201553,
   0.006694809067994356,
   0.9997833371162415
  ],
  [
   0.9998032450675964,
   0.0020891886670142412,
   -0.019723087549209595,
   -0.002221329603344202,
   0.9999752044677734,
   -0.006680275313556194,
   0.01970864273607731,
   0.0067227729596197605,
   0.9997832179069519
  ],
  [
   0.9998050928115845,
   0.0020932182669639587,
   -0.01963070221245289,
   -0.002225560834631324,
   0.9999749660491943,
   -0.006722200196236372,
   0.019616136327385902,
   0.006764580029994249,
   0.9997846484184265
  ],
  [
   0.9998055100440979,
   0.002180699026212096,
   -0.019598128274083138,
   -0.0023138984106481075,
   0.9999743103981018,
   -0.006776428781449795,
   0.019582848995923996,
   0.006820459850132465,
   0.9997850060462952
  ],
  [
   0.9998067021369934,
   0.0022417560685425997,
   -0.019529912620782852,
   -0.002376343822106719,
   0.9999735951423645,
   -0.006870900746434927,
   0.019513990730047226,
   0.0069159832783043385,
   0.9997856020927429
  ],
  [
   0.9998074769973755,
   0.0022377800196409225,
   -0.019493471831083298,
   -0.002372653689235449,
   0.9999733567237854,
   -0.006898535881191492,
   0.019477516412734985,
   0.006943459156900644,
   0.9997861981391907
  ],
  [
   0.9998085498809814,
   0.0023694788105785847,
   -0.01942462846636772,
   -0.00250532990321517,
   0.9999725222587585,
   -0.006972404196858406,
   0.019407575950026512,
   0.007019734941422939,
   0.9997870326042175
  ],
  [
   0.9998092651367188,
   0.0022586265113204718,
   -0.019398802891373634,
   -0.002396285766735673,
   0.9999720454216003,
   -0.007075979374349117,
   0.019382279366254807,
   0.007121115457266569,
   0.9997867941856384
  ],
  [
   0.9998103976249695,
   0.002246309071779251,
   -0.019342347979545593,
   -0.0023835143074393272,
   0.9999721050262451,
   -0.007073368411511183,
   0.019325921311974525,
   0.0071181305684149265,
   0.9997878670692444
  ],
  [
   0.9998126029968262,
   0.0022012002300471067,
   -0.01923275552690029,
   -0.0023378743790090084,
   0.9999721646308899,
   -0.007086725439876318,
   0.019216617569327354,
   0.007130361162126064,
   0.9997900128364563
  ],
  [
   0.9998143315315247,
   0.002231630263850093,
   -0.019139111042022705,
   -0.002369699301198125,
   0.9999712705612183,
   -0.007194348145276308,
   0.019122503697872162,
   0.007238366641104221,
   0.9997909665107727
  ],
  [
   0.999815046787262,
   0.002167102647945285,
   -0.019107451662421227,
   -0.0023058641236275434,
   0.9999710917472839,
   -0.0072431121952831745,
   0.019091201946139336,
   0.0072858319617807865,
   0.9997912049293518
  ],
  [
   0.9998165965080261,
   0.002256512874737382,
   -0.01902025006711483,
   -0.0023981083650141954,
   0.9999695420265198,
   -0.007424923591315746,
   0.019002918154001236,
   0.007469173986464739,
   0.9997915625572205
  ],
  [
   0.9998189210891724,
   0.0021557086147367954,
   -0.018906276673078537,
   -0.002299283631145954,
   0.9999687075614929,
   -0.00757559621706605,
   0.018889352679252625,
   0.00761769525706768,
   0.9997926354408264
  ],
  [
   0.9998210072517395,
   0.002182844327762723,
   -0.01879069022834301,
   -0.0023251743987202644,
   0.9999687671661377,
   -0.007555999327450991,
   0.018773607909679413,
   0.007598338648676872,
   0.9997949004173279
  ],
  [
   0.9998232126235962,
   0.002119977492839098,
   -0.018681537359952927,
   -0.002262204885482788,
   0.9999686479568481,
   -0.007595421280711889,
   0.018664848059415817,
   0.0076363408006727695,
   0.9997965693473816
  ],
  [
   0.999824583530426,
   0.0020742276683449745,
   -0.01861373893916607,
   -0.0022167654242366552,
   0.9999683499336243,
   -0.007640293333679438,
   0.018597301095724106,
   0.007680215872824192,
   0.9997976422309875
  ],
  [
   0.9998255372047424,
   0.002125163795426488,
   -0.018557626754045486,
   -0.0022691364865750074,
   0.9999674558639526,
   -0.007740513421595097,
   0.018540576100349426,
   0.007781272754073143,
   0.9997978806495667
  ],
  [
   0.9998284578323364,
   0.0023057875223457813,
   -0.018375983461737633,
   -0.002449639840051532,
   0.9999665021896362,
   -0.00780961848795414,
   0.018357358872890472,
   0.007853292860090733,
   0.9998006224632263
  ],
  [
   0.9998278617858887,
   0.002088031265884638,
   -0.018438661471009254,
   -0.0022362065501511097,
   0.9999653697013855,
   -0.00801914744079113,
   0.018421275541186333,
   0.008059000596404076,
   0.9997978806495667
  ],
  [
   0.999828040599823,
   0.0020494062919169664,
   -0.018432725220918655,
   -0.0021984074264764786,
   0.9999650120735168,
   -0.008066880516707897,
   0.018415549769997597,
   0.00810601469129324,
   0.999797523021698
  ],
  [
   0.999832272529602,
   0.0021054751705378294,
   -0.018195923417806625,
   -0.0022549431305378675,
   0.9999638199806213,
   -0.008197738789021969,
   0.018178008496761322,
   0.008237393572926521,
   0.9998007416725159
  ],
  [
   0.9998336434364319,
   0.002131890971213579,
   -0.018118133768439293,
   -0.002282065572217107,
   0.9999631643295288,
   -0.008272002451121807,
   0.0180998295545578,
   0.00831197202205658,
   0.9998016953468323
  ],
  [
   0.9998366236686707,
   0.0021242769435048103,
   -0.017951084300875664,
   -0.0022742736618965864,
   0.9999626278877258,
   -0.00833957176655531,
   0.017932698130607605,
   0.008379034698009491,
   0.9998041987419128
  ],
  [
   0.9998388886451721,
   0.0023460048250854015,
   -0.01779845543205738,
   -0.002497459063306451,
   0.9999608397483826,
   -0.008491967804729939,
   0.017777834087610245,
   0.008535049855709076,
   0.9998056292533875
  ],
  [
   0.9998401999473572,
   0.002266138792037964,
   -0.017735375091433525,
   -0.002418327843770385,
   0.9999603629112244,
   -0.008564365096390247,
   0.01771526224911213,
   0.00860588625073433,
   0.9998061060905457
  ],
  [
   0.9998428225517273,
   0.002247934928163886,
   -0.017588617280125618,
   -0.0024023582227528095,
   0.9999586939811707,
   -0.00876354519277811,
   0.01756819151341915,
   0.008804420940577984,
   0.9998070597648621
  ],
  [
   0.999843955039978,
   0.002181540708988905,
   -0.017535408958792686,
   -0.00233516120351851,
   0.9999590516090393,
   -0.008744899183511734,
   0.01751561276614666,
   0.008784481324255466,
   0.9998080134391785
  ],
  [
   0.9998447299003601,
   0.0020776456221938133,
   -0.017498543485999107,
   -0.002233339473605156,
   0.9999580383300781,
   -0.008882693946361542,
   0.01747935265302658,
   0.008920393884181976,
   0.9998074173927307
  ],
  [
   0.9998461604118347,
   0.0021405001170933247,
   -0.017409222200512886,
   -0.0022988340351730585,
   0.9999561309814453,
   -0.009079910814762115,
   0.017389021813869476,
   0.009118536487221718,
   0.9998071789741516
  ],
  [
   0.9998481869697571,
   0.002117566531524062,
   -0.017295045778155327,
   -0.0022769609931856394,
   0.9999550580978394,
   -0.00920168962329626,
   0.017274782061576843,
   0.009239674545824528,
   0.999808132648468
  ],
  [
   0.9998517632484436,
   0.0022346486803144217,
   -0.01707262545824051,
   -0.0023954424541443586,
   0.9999529123306274,
   -0.009403593838214874,
   0.017050810158252716,
   0.009443094953894615,
   0.9998100399971008
  ],
  [
   0.9998549818992615,
   0.002245183801278472,
   -0.016884541139006615,
   -0.002408752916380763,
   0.9999502897262573,
   -0.00967341847717762,
   0.01686198078095913,
   0.009712687693536282,
   0.9998107552528381
  ],
  [
   0.9998586773872375,
   0.0023524705320596695,
   -0.01664959453046322,
   -0.0025169076398015022,
   0.9999482035636902,
   -0.009862305596470833,
   0.016625529155135155,
   0.009902817197144032,
   0.9998127818107605
  ],
  [
   0.9998617768287659,
   0.002492297673597932,
   -0.016440771520137787,
   -0.0026572730857878923,
   0.9999462962150574,
   -0.01002031285315752,
   0.016414912417531013,
   0.010062615387141705,
   0.9998146891593933
  ],
  [
   0.9998642206192017,
   0.0023619660641998053,
   -0.016306445002555847,
   -0.0025270734913647175,
   0.9999456405639648,
   -0.010112104937434196,
   0.016281675547361374,
   0.010151940397918224,
   0.9998160004615784
  ],
  [
   0.9998661279678345,
   0.0024054988753050566,
   -0.0161843653768301,
   -0.002570077311247587,
   0.9999451041221619,
   -0.010155863128602505,
   0.016159046441316605,
   0.010196099989116192,
   0.999817430973053
  ],
  [
   0.9998706579208374,
   0.0026366054080426693,
   -0.01586524024605751,
   -0.0028032499831169844,
   0.9999410510063171,
   -0.010490692220628262,
   0.015836644917726517,
   0.010533811524510384,
   0.9998192191123962
  ],
  [
   0.9998734593391418,
   0.002601409098133445,
   -0.01569405011832714,
   -0.0027686257380992174,
   0.999939501285553,
   -0.01064245868474245,
   0.015665413811802864,
   0.010684562847018242,
   0.9998202919960022
  ],
  [
   0.999875545501709,
   0.0024605568032711744,
   -0.015586492605507374,
   -0.002628510119393468,
   0.9999386072158813,
   -0.010764259845018387,
   0.01555904932320118,
   0.010803889483213425,
   0.9998205304145813
  ],
  [
   0.9998797178268433,
   0.00251072202809155,
   -0.015307818539440632,
   -0.0026780085172504187,
   0.9999368190765381,
   -0.010917495004832745,
   0.015279440209269524,
   0.010957176797091961,
   0.999823272228241
  ],
  [
   0.9998836517333984,
   0.0025479381438344717,
   -0.015038917772471905,
   -0.0027171585243195295,
   0.999933123588562,
   -0.011242500506341457,
   0.015009266324341297,
   0.011282055638730526,
   0.9998237490653992
  ],
  [
   0.9998874664306641,
   0.0026750091928988695,
   -0.014761976897716522,
   -0.0028444810304790735,
   0.9999301433563232,
   -0.011471270583570004,
   0.014730259776115417,
   0.011511970311403275,
   0.9998252987861633
  ],
  [
   0.9998902678489685,
   0.0027409011963754892,
   -0.014561115764081478,
   -0.002909841015934944,
   0.9999285936355591,
   -0.011593645438551903,
   0.014528298750519753,
   0.011634744703769684,
   0.9998267292976379
  ],
  [
   0.9998942017555237,
   0.0026596549432724714,
   -0.014302128925919533,
   -0.0028280816040933132,
   0.999926745891571,
   -0.011769024655222893,
   0.014269780367612839,
   0.011808226816356182,
   0.9998284578323364
  ],
  [
   0.9998967051506042,
   0.002738979645073414,
   -0.014109904877841473,
   -0.0029079909436404705,
   0.9999240636825562,
   -0.011971620842814445,
   0.014076044782996178,
   0.01201141532510519,
   0.9998286962509155
  ],
  [
   0.9999002814292908,
   0.0026387560646981,
