{
 "rotation": [
  [
   0.9999997615814209,
   -0.0001407236122759059,
   -0.0006696308264508843,
   0.0001409359829267487,
   0.9999999403953552,
   0.00031708728056401014,
   0.0006695861811749637,
   -0.0003171816060785204,
   0.9999997615814209
  ],
  [
   0.9999999403953552,
   -3.0447470635408536e-05,
   -0.0003172439755871892,
   3.0522624001605436e-05,
   0.9999999403953552,
   0.00023689008958172053,
   0.00031723675783723593,
   -0.0002368997666053474,
   1.0
  ],
  [
   1.0,
   0.00011551285570021719,
   -0.0001231030182680115,
   -0.0001154854689957574,
   1.0,
   0.00022251873451750726,
   0.0001231287169503048,
   -0.0002225045464001596,
   1.0
  ],
  [
   0.9999999403953552,
   0.00021673778246622533,
   2.3862181478762068e-05,
   -0.00021674057643394917,
   1.0,
   0.00011799834464909509,
   -2.3836606487748213e-05,
   -0.00011800351785495877,
   1.0
  ],
  [
   0.9999999403953552,
   0.00021222040231805295,
   6.386807945091277e-05,
   -0.00021222558279987425,
   1.0,
   8.104696462396532e-05,
   -6.385087908711284e-05,
   -8.106051973300055e-05,
   1.0
  ],
  [
   0.9999999403953552,
   0.0003273522888775915,
   0.000128152227262035,
   -0.000327349262079224,
   1.0,
   -2.334088640054688e-05,
   -0.0001281598670175299,
   2.32989350479329e-05,
   1.0
  ],
  [
   1.0,
   0.0002968221961054951,
   8.86846610228531e-05,
   -0.0002968192275147885,
   1.0,
   -3.3921896829269826e-05,
   -8.869472367223352e-05,
   3.3895568776642904e-05,
   1.0
  ],
  [
   0.9999999403953552,
   0.00034577693440951407,
   -4.10155098506948e-06,
   -0.00034577734186314046,
   0.9999998807907104,
   -9.778895764611661e-05,
   4.067737336299615e-06,
   9.779036918189377e-05,
   1.0
  ],
  [
   0.9999999403953552,
   0.00043705417192541063,
   -2.1321864551282488e-05,
   -0.0004370568203739822,
   0.9999998807907104,
   -0.000123940160847269,
   2.1267691408866085e-05,
   0.00012394945952109993,
   1.0
  ],
  [
   0.9999998807907104,
   0.0003906350175384432,
   -0.00013690872583538294,
   -0.00039065780583769083,
   1.0,
   -0.00016646280710119754,
   0.00013684369332622737,
   0.00016651627083774656,
   1.0
  ],
  [
   0.9999998807907104,
   0.00035763217601925135,
   -0.00021116342395544052,
   -0.00035768034285865724,
   0.9999999403953552,
   -0.0002282177738379687,
   0.00021108178771100938,
   0.00022829329827800393,
   1.0
  ],
  [
   0.9999998807907104,
   0.00031372180092148483,
   -0.0003025625192094594,
   -0.0003137892053928226,
   0.9999999403953552,
   -0.0002226337674073875,
   0.0003024926409125328,
   0.00022272868955042213,
   1.0
  ],
  [
   0.9999998807907104,
   0.0003474566910881549,
   -0.0003630258433986455,
   -0.00034756551031023264,
   0.9999998807907104,
   -0.00029978991369716823,
   0.00036292162258177996,
   0.0002999160496983677,
   0.9999998807907104
  ],
  [
   0.9999998807907104,
   0.00032118367380462587,
   -0.0003652058949228376,
   -0.00032127389567904174,
   0.9999999403953552,
   -0.0002470281033311039,
   0.00036512655788101256,
   0.00024714539176784456,
   0.9999998807907104
  ],
  [
   0.9999998807907104,
   0.00025625948910601437,
   -0.0004930891445837915,
   -0.00025638373335823417,
   0.9999999403953552,
   -0.00025189228472299874,
   0.0004930245922878385,
   0.00025201868265867233,
   0.9999997615814209
  ],
  [
   0.9999997615814209,
   0.0003474421100690961,
   -0.0005841467645950615,
   -0.0003476282872725278,
   0.9999998807907104,
   -0.00031860978924669325,
   0.0005840359372086823,
   0.00031881278846412897,
   0.9999997615814209
  ],
  [
   0.9999997019767761,
   0.0003593212168198079,
   -0.0006775631918571889,
   -0.00035956426290795207,
   0.9999998807907104,
   -0.0003586590464692563,
   0.0006774342618882656,
   0.00035890255821868777,
   0.9999997615814209
  ],
  [
   0.9999995827674866,
   0.0003901541931554675,
   -0.0007568530272692442,
   -0.0003904383338522166,
   0.9999998807907104,
   -0.00037530751433223486,
   0.000756706518586725,
   0.00037560288910754025,
   0.9999996423721313
  ],
  [
   0.9999995827674866,
   0.0003438671410549432,
   -0.0008362213848158717,
   -0.0003441991866566241,
   0.9999998211860657,
   -0.00039688945980742574,
   0.0008360848296433687,
   0.00039717715117149055,
   0.9999996423721313
  ],
  [
   0.9999995827674866,
   0.00032884933170862496,
   -0.0008604262839071453,
   -0.00032919482327997684,
   0.9999998211860657,
   -0.0004014343721792102,
   0.0008602942107245326,
   0.00040171746513806283,
   0.9999996423721313
  ],
  [
   0.9999995827674866,
   0.0003594683075789362,
   -0.0008816897170618176,
   -0.0003598039038479328,
   0.9999998807907104,
   -0.00038049870636314154,
   0.0008815528126433492,
   0.0003808157634921372,
   0.9999995231628418
  ],
  [
   0.9999995231628418,
   0.00035173879587091506,
   -0.0009167938260361552,
   -0.0003520636819303036,
   0.9999998807907104,
   -0.0003542558988556266,
   0.0009166690288111567,
   0.0003545785148162395,
   0.9999995231628418
  ],
  [
   0.999999463558197,
   0.00036832530167885125,
   -0.0010026544332504272,
   -0.0003686785348691046,
   0.9999998807907104,
   -0.00035212235525250435,
   0.001002524746581912,
   0.0003524918283801526,
   0.9999994039535522
  ],
  [
   0.9999992251396179,
   0.00032928978907875717,
   -0.001163674984127283,
   -0.00032978999661281705,
   0.9999998211860657,
   -0.0004296709957998246,
   0.0011635333066806197,
   0.00043005443876609206,
   0.9999991655349731
  ],
  [
   0.9999992251396179,
   0.0003379779518581927,
   -0.0012265152763575315,
   -0.000338435493176803,
   0.9999998807907104,
   -0.00037287684972397983,
   0.0012263890821486712,
   0.00037329166661947966,
   0.9999991655349731
  ],
  [
   0.9999991655349731,
   0.0003538134624250233,
   -0.0012503978796303272,
   -0.0003543141356203705,
   0.9999998211860657,
   -0.0004002302302978933,
   0.001250256085768342,
   0.0004006729577668011,
   0.9999991655349731
  ],
  [
   0.9999991059303284,
   0.00036928290501236916,
   -0.0012595473090186715,
   -0.0003697988286148757,
   0.9999998807907104,
   -0.0004093828028999269,
   0.0012593959691002965,
   0.00040984826046042144,
   0.9999991655349731
  ],
  [
   0.9999991655349731,
   0.0003789805923588574,
   -0.0012366551673039794,
   -0.0003794198564719409,
   0.9999998807907104,
   -0.000354979420080781,
   0.0012365205911919475,
   0.0003554483409970999,
   0.9999991655349731
  ],
  [
   0.9999990463256836,
   0.000472745654406026,
   -0.0012939603766426444,
   -0.00047318649012595415,
   0.9999998807907104,
   -0.00034039048478007317,
   0.001293799141421914,
   0.00034100248012691736,
   0.9999990463256836
  ],
  [
   0.999998927116394,
   0.000536933948751539,
   -0.0013691098429262638,
   -0.0005374762695282698,
   0.9999998211860657,
   -0.00039578514406457543,
   0.0013688970357179642,
   0.00039652056875638664,
   0.9999990463256836
  ],
  [
   0.9999987483024597,
   0.0006359524559229612,
   -0.0014221867313608527,
   -0.0006365709123201668,
   0.9999997019767761,
   -0.0004344659682828933,
   0.001421910128556192,
   0.0004353707772679627,
   0.999998927116394
  ],
  [
   0.9999987483024597,
   0.0007020742050372064,
   -0.0014497066149488091,
   -0.0007026778184808791,
   0.9999997019767761,
   -0.0004158963274676353,
   0.0014494141796603799,
   0.00041691449587233365,
   0.999998927116394
  ],
  [
   0.9999985694885254,
   0.0008075657533481717,
   -0.0014583757147192955,
   -0.0008081485866568983,
   0.9999995827674866,
   -0.00039905222365632653,
   0.001458053127862513,
   0.0004002302885055542,
   0.999998927116394
  ],
  [
   0.9999982714653015,
   0.0007720040739513934,
   -0.001669200137257576,
   -0.0007726812036707997,
   0.9999995827674866,
   -0.00040502846240997314,
   0.0016688869800418615,
   0.00040631755837239325,
   0.9999985694885254
  ],
  [
   0.9999985694885254,
   0.0007057879120111465,
   -0.0015475067775696516,
   -0.0007066442049108446,
   0.9999995827674866,
   -0.0005528766196221113,
   0.0015471159713342786,
   0.0005539692938327789,
   0.9999985694885254
  ],
  [
   0.9999979734420776,
   0.0005678843008354306,
   -0.0019526142859831452,
   -0.0005690149846486747,
   0.9999997019767761,
   -0.0005784861859865487,
   0.0019522852962836623,
   0.0005795960314571857,
   0.9999979734420776
  ],
  [
   0.999997615814209,
   0.0006420077988877892,
   -0.002105736406520009,
   -0.0006435122340917587,
   0.9999995231628418,
   -0.0007138204528018832,
   0.0021052772644907236,
   0.0007151737809181213,
   0.9999974966049194
  ],
  [
   0.9999973773956299,
   0.0006218195776455104,
   -0.0021953864488750696,
   -0.0006234135944396257,
   0.9999995231628418,
   -0.0007254786905832589,
   0.0021949345245957375,
   0.000726845464669168,
   0.9999973773956299
  ],
  [
   0.9999972581863403,
   0.0007076658075675368,
   -0.00225458643399179,
   -0.0007095820619724691,
   0.9999994039535522,
   -0.0008492550114169717,
   0.0022539845667779446,
   0.0008508524624630809,
   0.9999971389770508
  ],
  [
   0.9999977946281433,
   0.0005785882822237909,
   -0.0020172945223748684,
   -0.000580624386202544,
   0.9999992847442627,
   -0.0010088721755892038,
   0.0020167094189673662,
   0.00101004121825099,
   0.9999973773956299
  ],
  [
   0.9999983310699463,
   0.0007424172363243997,
   -0.0016787757631391287,
   -0.0007441584602929652,
   0.9999992251396179,
   -0.0010368159273639321,
   0.001678004628047347,
   0.0010380634339526296,
   0.9999980926513672
  ],
  [
   0.9999983906745911,
   0.0007222985732369125,
   -0.0016608001897111535,
   -0.0007241411367431283,
   0.9999991059303284,
   -0.001109121716581285,
   0.0016599976224824786,
   0.001110322424210608,
   0.9999979734420776
  ],
  [
   0.9999978542327881,
   0.0009211568394675851,
   -0.0018734832992777228,
   -0.0009232694283127785,
   0.9999989867210388,
   -0.0011270622489973903,
   0.001872443244792521,
   0.0011287893867120147,
   0.999997615814209
  ],
  [
   0.9999979734420776,
   0.0008973499061539769,
   -0.0017941398546099663,
   -0.0008993141236715019,
   0.9999989867210388,
   -0.0010943054221570492,
   0.001793155912309885,
   0.0010959168430417776,
   0.9999978542327881
  ],
  [
   0.9999979138374329,
   0.000995570793747902,
   -0.0017743160715326667,
   -0.000997590715996921,
   0.9999988079071045,
   -0.0011378660565242171,
   0.0017731812549754977,
   0.0011396338231861591,
   0.9999977350234985
  ],
  [
   0.9999980926513672,
   0.0009844066808000207,
   -0.0017099110409617424,
   -0.0009863756131380796,
   0.9999988675117493,
   -0.0011510434560477734,
   0.0017087761079892516,
   0.0011527278693392873,
   0.9999978542327881
  ],
  [
   0.999998152256012,
   0.0010768934153020382,
   -0.001611297600902617,
   -0.0010788821382448077,
   0.9999986886978149,
   -0.001233837567269802,
   0.0016099666245281696,
   0.0012355736689642072,
   0.9999979734420776
  ],
  [
   0.9999983310699463,
   0.0012026975164189935,
   -0.0013991185696795583,
   -0.0012044215109199286,
   0.9999985098838806,
   -0.001232040231116116,
   0.0013976346235722303,
   0.0012337231310084462,
   0.9999982118606567
  ],
  [
   0.9999980926513672,
   0.001253327471204102,
   -0.0015320067759603262,
   -0.001255229115486145,
   0.9999984502792358,
   -0.0012408643960952759,
   0.0015304493717849255,
   0.0012427850160747766,
   0.9999980926513672
  ],
  [
   0.9999979138374329,
   0.001309993676841259,
   -0.0015615227166563272,
   -0.0013120241928845644,
   0.9999983310699463,
   -0.001300008618272841,
   0.0015598172321915627,
   0.0013020546175539494,
   0.9999979734420776
  ],
  [
   0.9999974966049194,
   0.0014820063952356577,
   -0.0016729144845157862,
   -0.0014841948868706822,
   0.9999980330467224,
   -0.001307745580561459,
   0.0016709730261936784,
   0.0013102252269163728,
   0.9999978542327881
  ],
  [
   0.9999973177909851,
   0.0014489630702883005,
   -0.001834048074670136,
   -0.0014513731002807617,
   0.9999980330467224,
   -0.0013134718174114823,
   0.0018321414245292544,
   0.0013161302777007222,
   0.9999973773956299
  ],
  [
   0.9999961853027344,
   0.001908857375383377,
   -0.0019978261552751064,
   -0.00191122991964221,
   0.9999973773956299,
   -0.0011862589744850993,
   0.001995556754991412,
   0.0011900727404281497,
   0.9999972581863403
  ],
  [
   0.9999961853027344,
   0.0017832176527008414,
   -0.0020866417326033115,
   -0.0017858664505183697,
   0.9999975562095642,
   -0.0012683493550866842,
   0.0020843748934566975,
   0.0012720708036795259,
   0.9999970197677612
  ],
  [
   0.9999963641166687,
   0.0017416472546756268,
   -0.0020782973151654005,
   -0.0017442757962271571,
   0.9999976754188538,
   -0.001263597165234387,
   0.0020760917104780674,
   0.0012672176817432046,
   0.9999971389770508
  ],
  [
   0.9999970197677612,
   0.0014202073216438293,
   -0.0019848623778671026,
   -0.001423221081495285,
   0.9999977946281433,
   -0.001517812255769968,
   0.001982702175155282,
   0.001520632766187191,
   0.9999969005584717
  ],
  [
   0.9999971389770508,
   0.001275166985578835,
   -0.0020398134365677834,
   -0.0012782523408532143,
   0.9999980926513672,
   -0.001511989627033472,
   0.0020378814078867435,
   0.0015145925572142005,
   0.9999967813491821
  ],
  [
   0.9999967217445374,
   0.001384151866659522,
   -0.002153826877474785,
   -0.0013866721419617534,
   0.9999983906745911,
   -0.0011690922547131777,
   0.0021522054448723793,
   0.0011720750480890274,
   0.9999970197677612
  ],
  [
   0.999997079372406,
   0.0012279822258278728,
   -0.0020994837395846844,
   -0.001230866415426135,
   0.9999983310699463,
   -0.0013729577185586095,
   0.0020977940876036882,
   0.001375537714920938,
   0.9999969005584717
  ],
  [
   0.9999968409538269,
   0.0014177014818415046,
   -0.002079326193779707,
   -0.0014197016134858131,
   0.9999985694885254,
   -0.0009607010870240629,
   0.0020779611077159643,
   0.0009636500617489219,
   0.9999973773956299
  ],
  [
   0.9999973177909851,
   0.0012126381043344736,
   -0.0019625702407211065,
   -0.0012146896915510297,
   0.9999988079071045,
   -0.0010444490471854806,
   0.0019613010808825493,
   0.001046830089762807,
   0.9999974966049194
  ],
  [
   0.9999973773956299,
   0.0011980320559814572,
   -0.00197474448941648,
   -0.0012001199647784233,
   0.9999986290931702,
   -0.001056416193023324,
   0.0019734762609004974,
   0.001058783265762031,
   0.9999974966049194
  ],
  [
   0.9999973773956299,
   0.001248498447239399,
   -0.001942502218298614,
   -0.0012505095219239593,
   0.9999986886978149,
   -0.0010344720212742686,
   0.0019412082619965076,
   0.0010368984658271074,
   0.999997615814209
  ],
  [
   0.9999974370002747,
   0.0010729406494647264,
   -0.0019949350971728563,
   -0.0010756533592939377,
   0.9999985098838806,
   -0.001359231653623283,
   0.0019934733863919973,
   0.0013613741612061858,
   0.9999970197677612
  ],
  [
   0.9999975562095642,
   0.0010648982133716345,
   -0.001959202578291297,
   -0.0010677233804017305,
   0.9999983906745911,
   -0.001441506901755929,
   0.001957664033398032,
   0.0014435952762141824,
   0.9999971389770508
  ],
  [
   0.9999975562095642,
   0.0010213503846898675,
   -0.0019612405449151993,
   -0.0010242542484775186,
   0.9999983310699463,
   -0.0014801356010138988,
   0.0019597255159169436,
   0.0014821409713476896,
   0.9999970197677612
  ],
  [
   0.9999975562095642,
   0.001036302070133388,
   -0.001935293315909803,
   -0.00103914609644562,
   0.9999983906745911,
   -0.0014691244577988982,
   0.001933767576701939,
   0.0014711321564391255,
   0.9999971389770508
  ],
  [
   0.9999977350234985,
   0.0010166619904339314,
   -0.0018779559759423137,
   -0.0010194117203354836,
   0.9999984502792358,
   -0.00146390195004642,
   0.0018764646956697106,
   0.0014658131403848529,
   0.9999971389770508
  ],
  [
   0.9999979138374329,
   0.0009307300788350403,
   -0.0018132305704057217,
   -0.000933371891733259,
   0.9999984502792358,
   -0.0014565924648195505,
   0.001811872236430645,
   0.001458281883969903,
   0.9999972581863403
  ],
  [
   0.9999977946281433,
   0.0008974947268143296,
   -0.0018891082145273685,
   -0.000900324375834316,
   0.9999984502792358,
   -0.0014975303784012794,
   0.0018877615220844746,
   0.0014992279466241598,
   0.9999971389770508
  ],
  [
   0.9999979734420776,
   0.0008637497085146606,
   -0.001815876690670848,
   -0.0008662890177220106,
   0.9999986290931702,
   -0.0013980816584080458,
   0.001814666553400457,
   0.0013996518682688475,
   0.9999973773956299
  ],
  [
   0.999998152256012,
   0.0009230393916368484,
   -0.0016882731579244137,
   -0.0009251349256373942,
   0.9999988079071045,
   -0.001240796409547329,
   0.001687126117758453,
   0.0012423560256138444,
   0.9999978542327881
  ],
  [
   0.9999983310699463,
   0.0008975408272817731,
   -0.0016107301926240325,
   -0.0008994819363579154,
   0.9999988675117493,
   -0.0012047375785186887,
   0.0016096472973003983,
   0.0012061843881383538,
   0.9999979734420776
  ],
  [
   0.9999983310699463,
   0.0009401016868650913,
   -0.0015878891572356224,
   -0.0009419242269359529,
   0.9999988675117493,
   -0.0011473837075755,
   0.0015868085902184248,
   0.0011488775489851832,
   0.9999980926513672
  ],
  [
   0.9999985694885254,
   0.0008849452715367079,
   -0.0014508720487356186,
   -0.0008865382988005877,
   0.9999990463256836,
   -0.0010976936900988221,
   0.001449899165891111,
   0.0010989783331751823,
   0.9999983310699463
  ],
  [
   0.9999984502792358,
   0.0009473385289311409,
   -0.0014624915784224868,
   -0.0009486966882832348,
   0.9999991655349731,
   -0.0009282674873247743,
   0.0014616107800975442,
   0.0009296535281464458,
   0.9999985694885254
  ],
  [
   0.9999986290931702,
   0.0009131706319749355,
   -0.0013821905013173819,
   -0.0009143166826106608,
   0.9999991655349731,
   -0.00082875054795295,
   0.0013814327539876103,
   0.000830013130325824,
   0.9999986886978149
  ],
  [
   0.9999983310699463,
   0.000871838245075196,
   -0.0016057509928941727,
   -0.0008734370931051672,
   0.9999991059303284,
   -0.0009953078115358949,
   0.0016048818361014128,
   0.0009967086371034384,
   0.9999982118606567
  ],
  [
   0.9999982118606567,
   0.0009969820966944098,
   -0.0015838174149394035,
   -0.0009984661592170596,
   0.9999991059303284,
   -0.0009364205179736018,
   0.0015828823670744896,
   0.0009380002738907933,
   0.9999983310699463
  ],
  [
   0.9999983906745911,
   0.0009635301539674401,
   -0.0015068085631355643,
   -0.0009648152627050877,
   0.9999991655349731,
   -0.0008523535216227174,
   0.0015059862053021789,
   0.0008538059773854911,
   0.9999984502792358
  ],
  [
   0.9999985098838806,
   0.0008726412779651582,
   -0.001490992377512157,
   -0.0008739017648622394,
   0.9999992847442627,
   -0.000844870344735682,
   0.0014902540715411305,
   0.0008461720426566899,
   0.9999985694885254
  ],
  [
   0.9999988079071045,
   0.000764691736549139,
   -0.001338395057246089,
   -0.0007655440713278949,
   0.999999463558197,
   -0.0006364333676174283,
   0.0013379077427089214,
   0.0006374572403728962,
   0.999998927116394
  ],
  [
   0.9999988079071045,
   0.0007381613249890506,
   -0.001329646329395473,
   -0.0007393060950562358,
   0.9999994039535522,
   -0.0008606768096797168,
   0.0013290101196616888,
   0.0008616588893346488,
   0.9999988079071045
  ],
  [
   0.9999989867210388,
   0.000607270048931241,
   -0.0012845181627199054,
   -0.0006084322812967002,
   0.9999994039535522,
   -0.0009046238847076893,
   0.001283968216739595,
   0.0009054044494405389,
   0.9999988079071045
  ],
  [
   0.9999990463256836,
   0.0007300038705579937,
   -0.001144886715337634,
   -0.0007308009080588818,
   0.9999995231628418,
   -0.0006958467420190573,
   0.0011443780967965722,
   0.0006966827204450965,
   0.9999991655349731
  ],
  [
   0.9999991655349731,
   0.0007429725374095142,
   -0.0011011760216206312,
   -0.0007436090963892639,
   0.9999995231628418,
   -0.0005777464830316603,
   0.0011007465654984117,
   0.0005785648827441037,
   0.9999991655349731
  ],
  [
   0.9999993443489075,
   0.0007739700959064066,
   -0.000883367145434022,
   -0.0007745492621324956,
   0.999999463558197,
   -0.00065549899591133,
   0.0008828594000078738,
   0.0006561828195117414,
   0.9999992847442627
  ],
  [
   0.9999994039535522,
   0.0006632691947743297,
   -0.0008847181452438235,
   -0.0006637575570493937,
   0.9999995827674866,
   -0.000551814679056406,
   0.0008843518444336951,
   0.0005524016451090574,
   0.9999994039535522
  ],
  [
   0.9999995827674866,
   0.0005537276156246662,
   -0.0007440021727234125,
   -0.0005540773272514343,
   0.9999996423721313,
   -0.0004698569537140429,
   0.0007437418680638075,
   0.0004702689475379884,
   0.9999995231628418
  ],
  [
   0.9999997615814209,
   0.0002677732554730028,
   -0.0006303205154836178,
   -0.00026815864839591086,
   0.9999998211860657,
   -0.0006114105926826596,
   0.0006301567191258073,
   0.0006115795113146305,
   0.9999996423721313
  ],
  [
   0.9999997615814209,
   0.0001832692214520648,
   -0.0005753120058216155,
   -0.00018361829279456288,
   0.9999997615814209,
   -0.0006067344220355153,
   0.000575200654566288,
   0.0006068400107324123,
   0.9999996423721313
  ],
  [
   0.9999998807907104,
   1.4247678336687386e-05,
   -0.00047978406655602157,
   -1.4496749827230815e-05,
   0.9999998211860657,
   -0.0005191315431147814,
   0.0004797765868715942,
   0.0005191384116187692,
   0.9999997615814209
  ],
  [
   0.9999998807907104,
   -7.237057434394956e-05,
   -0.00038607564056292176,
   7.218029350042343e-05,
   0.9999998807907104,
   -0.0004928248818032444,
   0.0003861112636514008,
   0.0004927970003336668,
   0.9999997615814209
  ],
  [
   0.9999999403953552,
   -9.022695303428918e-05,
   -0.0001810762332752347,
   9.011830115923658e-05,
   0.9999998211860657,
   -0.0005999282002449036,
   0.00018113032274413854,
   0.0005999118438921869,
   0.9999997615814209
  ],
  [
   1.0,
   -3.08724656861159e-06,
   2.5079765691771172e-05,
   3.100105004705256e-06,
   0.9999998807907104,
   -0.0005127161275595427,
   -2.507817953301128e-05,
   0.0005127161275595427,
   0.9999998807907104
  ],
  [
   0.9999999403953552,
   -1.3615464013128076e-05,
   0.00020560502889566123,
   1.3718261470785365e-05,
   0.9999998807907104,
   -0.0004999842494726181,
   -0.00020559820404741913,
   0.000499987043440342,
   0.9999997615814209
  ],
  [
   0.9999999403953552,
   -6.517115252790973e-05,
   0.0003603879304137081,
   6.533814303111285e-05,
   0.9999998807907104,
   -0.00046336636296473444,
   -0.0003603576624300331,
   0.0004633898788597435,
   0.9999998807907104
  ],
  [
   0.9999998807907104,
   -0.00010363434557802975,
   0.00046071529504843056,
   0.00010374739213148132,
   1.0,
   -0.0002453614433761686,
   -0.0004606898291967809,
   0.00024540917365811765,
   0.9999997615814209
  ],
  [
   0.9999997615814209,
   -0.0001978087384486571,
   0.0005839479272253811,
   0.00019790716760326177,
   1.0,
   -0.00016849921667017043,
   -0.0005839145160280168,
   0.00016861474432516843,
   0.9999998807907104
  ],
  [
   0.9999995827674866,
   -0.00017424518591724336,
   0.0008868652512319386,
   0.0001743068132782355,
   1.0,
   -6.937799480510876e-05,
   -0.0008868532022461295,
   6.953255069674924e-05,
   0.9999996423721313
  ],
  [
   0.9999993443489075,
   -0.00023734630667604506,
   0.0011194961844012141,
   0.0002374278410570696,
   1.0,
   -7.268503395607695e-05,
   -0.0011194789549335837,
   7.2950788307935e-05,
   0.9999994039535522
  ],
  [
   0.9999991655349731,
   -0.00035354611463844776,
   0.001275739399716258,
   0.00035358083550818264,
   0.9999998807907104,
   -2.6943564080283977e-05,
   -0.0012757297372445464,
   2.7394613425713032e-05,
   0.9999991655349731
  ],
  [
   0.9999986886978149,
   -0.0005734822480008006,
   0.0015027677873149514,
   0.0005736691527999938,
   0.9999998807907104,
   -0.00012392766075208783,
   -0.0015026963083073497,
   0.00012478958524297923,
   0.999998927116394
  ],
  [
   0.9999983906745911,
   -0.0006603809306398034,
   0.001647774945013225,
   0.0006605818634852767,
   0.9999997615814209,
   -0.00012145026994403452,
   -0.0016476943856105208,
   0.00012253857858013362,
   0.9999986886978149
  ],
  [
   0.9999980926513672,
   -0.0005820607766509056,
   0.0018558282172307372,
   0.000582332955673337,
   0.9999998807907104,
   -0.00014616096450481564,
   -0.001855742884799838,
   0.00014724141510669142,
   0.9999983310699463
  ],
  [
   0.9999976754188538,
   -0.0005230919341556728,
   0.002068605273962021,
   0.0005234166164882481,
   0.9999998807907104,
   -0.0001564245467307046,
   -0.0020685228519141674,
   0.00015750693273730576,
   0.9999978542327881
  ],
  [
   0.9999967813491821,
   -0.0006833137013018131,
   0.002435799455270171,
   0.0006837284308858216,
   0.9999997615814209,
   -0.00016946063260547817,
   -0.0024356830399483442,
   0.00017112553177867085,
   0.9999970197677612
  ],
  [
   0.9999963641166687,
   -0.0007973072351887822,
   0.002558182692155242,
   0.0007969587459228933,
   0.9999996423721313,
   0.0001372291153529659,
   -0.0025582914240658283,
   -0.00013518983905669302,
   0.9999967813491821
  ],
  [
   0.9999953508377075,
   -0.001121838460676372,
   0.0028322343714535236,
   0.0011202250607311726,
   0.9999992251396179,
   0.0005711825797334313,
   -0.002832873025909066,
   -0.000568007118999958,
   0.9999958276748657
  ],
  [
   0.9999943971633911,
   -0.0013603464467450976,
   0.003071744693443179,
   0.0013580175582319498,
   0.9999988079071045,
   0.0007601646357215941,
   -0.0030727749690413475,
   -0.0007559888763353229,
   0.9999949932098389
  ],
  [
   0.9999938607215881,
   -0.001193468808196485,
   0.003288887208327651,
   0.0011906693689525127,
   0.999998927116394,
   0.0008529996266588569,
   -0.003289901651442051,
   -0.000849078525789082,
   0.9999942779541016
  ],
  [
   0.9999945163726807,
   -0.0016498573822900653,
   0.0028622245881706476,
   0.0016471983399242163,
   0.9999982118606567,
   0.0009311394533142447,
   -0.0028637556824833155,
   -0.0009264196269214153,
   0.9999954700469971
  ],
  [
   0.9999899864196777,
   -0.0014956628438085318,
   0.0042312657460570335,
   0.0014933116035535932,
   0.9999987483024597,
   0.0005588520434685051,
   -0.004232096020132303,
   -0.0005525278393179178,
   0.9999908208847046
  ],
  [
   0.9999880790710449,
   -0.001497474149800837,
   0.0046582650393247604,
   0.0014946430455893278,
   0.9999986886978149,
   0.0006111963884904981,
   -0.0046591744758188725,
   -0.0006042266613803804,
   0.9999889135360718
  ],
  [
   0.9999838471412659,
   -0.001368417521007359,
   0.00551812956109643,
   0.001365511561743915,
   0.9999988675117493,
   0.0005303879152052104,
   -0.005518849939107895,
   -0.000522844260558486,
   0.9999847412109375
  ],
  [
   0.9999865889549255,
   -0.001363255432806909,
   0.004994517657905817,
   0.0013588295551016927,
   0.9999986290931702,
   0.0008894720231182873,
   -0.004995723720639944,
   -0.0008826734847389162,
   0.9999871253967285
  ],
  [
   0.9999890923500061,
   -0.0019259213004261255,
   0.004252492915838957,
   0.001922990195453167,
   0.9999978542327881,
   0.0006932560936547816,
   -0.004253819119185209,
   -0.0006850710487924516,
   0.999990701675415
  ],
  [
   0.9999960660934448,
   -0.0014457963407039642,
   0.002386003965511918,
   0.0014430696610361338,
   0.9999982118606567,
   0.001144198584370315,
   -0.0023876542691141367,
   -0.0011407508281990886,
   0.999996542930603
  ],
  [
   0.9999818205833435,
   -0.001122647779993713,
   0.005923861637711525,
   0.0011175184044986963,
   0.9999989867210388,
   0.0008691665716469288,
   -0.005924832541495562,
   -0.0008625307236798108,
   0.9999821186065674
  ],
  [
   0.9999678134918213,
   -0.00047490940778516233,
   0.008006678894162178,
   0.0004736330301966518,
   0.9999998807907104,
   0.00016131381562445313,
   -0.008006753399968147,
   -0.0001575163914822042,
   0.9999679327011108
  ],
  [
   0.9999745488166809,
   -0.0007272429647855461,
   0.0070981490425765514,
   0.0007223059074021876,
   0.9999995231628418,
   0.0006980851758271456,
   -0.007098653819411993,
   -0.0006929404917173088,
   0.9999746084213257
  ],
  [
   0.999984622001648,
   -0.001120658009313047,
   0.005425408016890287,
   0.0011170300422236323,
   0.9999990463256836,
   0.0006717161741107702,
   -0.005426156800240278,
   -0.0006656456389464438,
   0.9999850988388062
  ],
  [
   0.999982476234436,
   -0.00119659339543432,
   0.0057979910634458065,
   0.0011976531241089106,
   0.9999992251396179,
   -0.00017928751185536385,
   -0.005797772202640772,
   0.00018622836796566844,
   0.9999831914901733
  ],
  [
   0.9999753832817078,
   -0.0014772306894883513,
   0.006863519083708525,
   0.0014740258920937777,
   0.9999988079071045,
   0.0004720038268715143,
   -0.00686420826241374,
   -0.0004618752282112837,
   0.9999762773513794
  ],
  [
   0.999970018863678,
   -0.0013260258128866553,
   0.007627153303474188,
   0.0013120077783241868,
   0.9999974370002747,
   0.0018426455790176988,
   -0.007629577536135912,
   -0.0018325834535062313,
   0.9999692440032959
  ],
  [
   0.9999688267707825,
   -0.002308871364220977,
   0.007551207207143307,
   0.0022942146752029657,
   0.9999955296516418,
   0.0019490638514980674,
   -0.007555673364549875,
   -0.001931678969413042,
   0.999969482421875
  ],
  [
   0.9999743103981018,
   -0.002892228774726391,
   0.006552059203386307,
   0.002883586334064603,
   0.9999950528144836,
   0.0013280808925628662,
   -0.0065558673813939095,
   -0.001309153507463634,
   0.9999775886535645
  ],
  [
   0.9999563694000244,
   -0.002760901115834713,
   0.008924479596316814,
   0.0027481489814817905,
   0.999995231628418,
   0.0014408677816390991,
   -0.008928414434194565,
   -0.0014162793522700667,
   0.9999592304229736
  ],
  [
   0.999947190284729,
   -0.002438655821606517,
   0.0099874222651124,
   0.002429401269182563,
   0.9999966621398926,
   0.0009386740857735276,
   -0.009989677928388119,
   -0.0009143610368482769,
   0.9999496936798096
  ],
  [
   0.9999687075614929,
   -0.0033443926367908716,
   0.007167486939579248,
   0.0033360139932483435,
   0.9999937415122986,
   0.0011806361144408584,
   -0.007171391509473324,
   -0.0011566883185878396,
   0.9999736547470093
  ],
  [
   0.9999710321426392,
   -0.0058115567080676556,
   0.004922983702272177,
   0.005800065118819475,
   0.9999803900718689,
   0.0023453666362911463,
   -0.004936518147587776,
   -0.002316745463758707,
   0.9999850988388062
  ],
  [
   0.9999733567237854,
   -0.006311406381428242,
   0.003667229786515236,
   0.006309026852250099,
   0.9999799132347107,
   0.0006602995563298464,
   -0.003671323647722602,
   -0.0006371453055180609,
   0.9999929666519165
  ],
  [
   0.9999713897705078,
   -0.003758820705115795,
   0.0065699792467057705,
   0.003749585710465908,
   0.9999919533729553,
   0.001417394494637847,
   -0.0065752542577683926,
   -0.0013927192194387317,
   0.9999773502349854
  ],
  [
   0.9999566078186035,
   -0.0036091050133109093,
   0.00859167892485857,
   0.003586337435990572,
   0.9999899864196777,
   0.002663892926648259,
   -0.008601206354796886,
   -0.00263296440243721,
   0.9999595880508423
  ],
  [
   0.9999027848243713,
   -0.0032877884805202484,
   0.013551630079746246,
   0.0032669813372194767,
   0.9999934434890747,
   0.001557270996272564,
   -0.013556662015616894,
   -0.0015128467930480838,
   0.9999068975448608
  ],
  [
   0.9998935461044312,
   -0.003185184206813574,
   0.01424294151365757,
   0.003140124259516597,
   0.9999899864196777,
   0.003184930421411991,
   -0.014252944849431515,
   -0.0031398667488247156,
   0.9998934268951416
  ],
  [
   0.9998976588249207,
   -0.0032313046976923943,
   0.01393970102071762,
   0.0031817457638680935,
   0.9999884963035583,
   0.003575945505872369,
   -0.013951095752418041,
   -0.0035312273539602757,
   0.9998964071273804
  ],
  [
   0.9999094009399414,
   -0.003988610114902258,
   0.012854860164225101,
   0.003948370460420847,
   0.9999872446060181,
   0.003154168836772442,
   -0.012867276556789875,
   -0.0031031272374093533,
   0.9999123811721802
  ],
  [
   0.9999039173126221,
   -0.004238106310367584,
   0.013200657442212105,
   0.004198029171675444,
   0.9999865293502808,
   0.003062223317101598,
   -0.01321345753967762,
   -0.0030065125320106745,
   0.9999082088470459
  ],
  [
   0.9999010562896729,
   -0.004267490468919277,
   0.013404459692537785,
   0.0042208293452858925,
   0.9999849200248718,
   0.0035073396284133196,
   -0.013419226743280888,
   -0.0034504150971770287,
   0.9999039173126221
  ],
  [
   0.9998946189880371,
   -0.004415659699589014,
   0.013829651288688183,
   0.004368338733911514,
   0.9999845027923584,
   0.0034500600304454565,
   -0.013844670727849007,
   -0.003389284247532487,
   0.9998984336853027
  ],
  [
   0.999887228012085,
   -0.004598395898938179,
   0.01429713610559702,
   0.004549239296466112,
   0.9999836683273315,
   0.003468823619186878,
   -0.01431285310536623,
   -0.003403391456231475,
   0.9998917579650879
  ],
  [
   0.9998819828033447,
   -0.004799021873623133,
   0.01459363754838705,
   0.004739871248602867,
   0.9999803900718689,
   0.0040850392542779446,
   -0.014612955041229725,
   -0.004015384707599878,
   0.999885082244873
  ],
  [
   0.9998767971992493,
   -0.004920222330838442,
   0.014906073920428753,
   0.004856068175286055,
   0.9999788999557495,
   0.004337003454566002,
   -0.014927097596228123,
   -0.0042640832252800465,
   0.9998794794082642
  ],
  [
   0.9998668432235718,
   -0.005056507885456085,
   0.015516910701990128,
   0.004993119742721319,
   0.9999790191650391,
   0.004121145699173212,
   -0.015537424013018608,
   -0.00404311902821064,
   0.999871015548706
  ],
  [
   0.9998570084571838,
   -0.00515606626868248,
   0.016105828806757927,
   0.005091064143925905,
   0.9999787211418152,
   0.004074326250702143,
   -0.016126496717333794,
   -0.003991748206317425,
   0.9998619556427002
  ],
  [
   0.9998528361320496,
   -0.005392471328377724,
   0.016286280006170273,
   0.005321695934981108,
   0.9999762773513794,
   0.004385906737297773,
   -0.016309542581439018,
   -0.0042985910549759865,
   0.9998577833175659
  ],
  [
   0.9998410940170288,
   -0.005452551878988743,
   0.016972003504633904,
   0.005374300293624401,
   0.9999747276306152,
   0.00465281680226326,
   -0.016996944323182106,
   -0.004560864996165037,
   0.9998451471328735
  ],
  [
   0.9998332858085632,
   -0.0055843861773610115,
   0.017386803403496742,
   0.005509191192686558,
   0.9999752640724182,
   0.0043697175569832325,
   -0.017410775646567345,
   -0.004273201338946819,
   0.999839186668396
  ],
  [
   0.9998265504837036,
   -0.005876399576663971,
   0.017670877277851105,
   0.005793658085167408,
   0.9999720454216003,
   0.004729886539280415,
   -0.01769818179309368,
   -0.004626687616109848,
   0.9998326301574707
  ],
  [
   0.9998111724853516,
   -0.005954792723059654,
   0.01849423535168171,
   0.0058624520897865295,
   0.9999700784683228,
   0.0050431606359779835,
   -0.01852371357381344,
   -0.004933786578476429,
   0.9998162388801575
  ],
  [
   0.9998009204864502,
   -0.006010088138282299,
   0.019024008885025978,
   0.005918288137763739,
   0.999970555305481,
   0.004878097213804722,
   -0.019052762538194656,
   -0.004764536861330271,
   0.9998071789741516
  ],
  [
   0.9997920989990234,
   -0.006200519856065512,
   0.019422121345996857,
   0.006101630628108978,
   0.9999681711196899,
   0.0051466538570821285,
   -0.019453413784503937,
   -0.005027077626436949,
   0.9997981190681458
  ],
  [
   0.999782919883728,
   -0.006451169960200787,
   0.019813040271401405,
   0.0063427649438381195,
   0.9999646544456482,
   0.005529345013201237,
   -0.019848007708787918,
   -0.005402475129812956,
   0.9997883439064026
  ],
  [
   0.9997655153274536,
   -0.00635918416082859,
   0.02069796994328499,
   0.006250700913369656,
   0.9999663829803467,
   0.0053017460741102695,
   -0.020730989053845406,
   -0.0051711262203752995,
   0.999771773815155
  ],
  [
   0.9997521042823792,
   -0.0064876195974648,
   0.02129674330353737,
   0.006379354279488325,
   0.9999664425849915,
   0.005147707182914019,
   -0.021329423412680626,
   -0.005010572727769613,
   0.9997599720954895
  ],
  [
   0.9997439980506897,
   -0.006785684730857611,
   0.021585717797279358,
   0.006665379274636507,
   0.9999618530273438,
   0.005640487186610699,
   -0.021623168140649796,
   -0.005495165940374136,
   0.9997511506080627
  ],
  [
   0.9997274279594421,
   -0.006647209171205759,
   0.022382104769349098,
   0.006520441267639399,
   0.9999622702598572,
   0.005732027348130941,
   -0.022419365122914314,
   -0.00558452308177948,
   0.999733030796051
  ],
  [
   0.9997128844261169,
   -0.006779282819479704,
   0.02298043854534626,
   0.006644088309258223,
   0.99996018409729,
   0.005954316817224026,
   -0.02301989123225212,
   -0.005799923557788134,
   0.9997181296348572
  ],
  [
   0.9997053146362305,
   -0.00707999337464571,
   0.023221246898174286,
   0.006926380563527346,
   0.9999536871910095,
   0.006688964087516069,
   -0.023267526179552078,
   -0.006526153534650803,
   0.9997079968452454
  ],
  [
   0.9996941685676575,
   -0.007327009458094835,
   0.02361888252198696,
   0.0071648224256932735,
   0.9999502301216125,
   0.006944136694073677,
   -0.02366858720779419,
   -0.0067727877758443356,
   0.9996969699859619
  ],
  [
   0.9996780753135681,
   -0.007344788406044245,
   0.02428191900253296,
   0.0071825445629656315,
   0.9999513030052185,
   0.006762130651623011,
   -0.02433040365576744,
   -0.006585548631846905,
   0.9996823072433472
  ],
  [
   0.9996611475944519,
   -0.007597046438604593,
   0.0248971376568079,
   0.007427489850670099,
   0.9999486207962036,
   0.006895666476339102,
   -0.0249482449144125,
   -0.0067084068432450294,
   0.9996663331985474
  ],
  [
   0.999647855758667,
   -0.007671637460589409,
   0.025404712185263634,
   0.007493171840906143,
   0.9999465942382812,
   0.007112691644579172,
   -0.025457926094532013,
   -0.006919824983924627,
   0.9996519088745117
  ],
  [
   0.9996288418769836,
   -0.00794100109487772,
   0.02605973184108734,
   0.007769740652292967,
   0.9999476075172424,
   0.0066665057092905045,
   -0.026111306622624397,
   -0.006461553741246462,
   0.9996380805969238
  ],
  [
   0.9996148347854614,
   -0.008018732070922852,
   0.026569245383143425,
   0.007833157666027546,
   0.9999441504478455,
   0.007081302348524332,
   -0.026624547317624092,
   -0.0068704537115991116,
   0.9996219873428345
  ],
  [
   0.9995894432067871,
   -0.007920071482658386,
   0.027537381276488304,
   0.007725933101028204,
   0.9999445676803589,
   0.007149247918277979,
   -0.027592476457357407,
   -0.006933560594916344,
   0.9995952248573303
  ],
  [
   0.999567449092865,
   -0.00822906568646431,
   0.028234638273715973,
   0.00804066564887762,
   0.9999447464942932,
   0.006779720075428486,
   -0.028288867324590683,
   -0.00654976163059473,
   0.9995782971382141
  ],
  [
   0.9995474815368652,
   -0.008168392814695835,
   0.028952445834875107,
   0.0079576401039958,
   0.9999410510063171,
   0.0073870387859642506,
   -0.029011080041527748,
   -0.007153302431106567,
   0.999553382396698
  ],
  [
   0.9995273351669312,
   -0.008366111665964127,
   0.029582908377051353,
   0.008146289736032486,
   0.9999383687973022,
   0.007543477229773998,
   -0.0296441949903965,
   -0.007298920303583145,
   0.9995338916778564
  ],
  [
   0.9995101094245911,
   -0.008647610433399677,
   0.030080338940024376,
   0.008415857329964638,
   0.9999340176582336,
   0.007822559215128422,
   -0.030146000906825066,
   -0.0075655747205019,
   0.9995168447494507
  ],
  [
   0.999481201171875,
   -0.008550629019737244,
   0.031050195917487144,
   0.008301181718707085,
   0.9999322891235352,
   0.008153672330081463,
   -0.031117813661694527,
   -0.00789168942719698,
   0.999484658241272
  ],
  [
   0.9994591474533081,
   -0.008889363147318363,
   0.031659144908189774,
   0.008631391450762749,
