{
 "rotation": [
  [
   0.9999996423721313,
   0.0002041318075498566,
   0.0008585895993746817,
   -0.0002042446139967069,
   1.0,
   0.00013129568833392113,
   -0.0008585627656430006,
   -0.00013147099525667727,
   0.9999996423721313
  ],
  [
   0.9999995231628418,
   0.00040668717701919377,
   0.000866235641296953,
   -0.00040681607788428664,
   1.0,
   0.00014866072160657495,
   -0.000866175105329603,
   -0.00014901305257808417,
   0.9999996423721313
  ],
  [
   0.9999996423721313,
   0.0004810368409380317,
   0.00074560142820701,
   -0.0004811083199456334,
   0.9999998807907104,
   9.562137711327523e-05,
   -0.0007455554441548884,
   -9.598005271982402e-05,
   0.9999997615814209
  ],
  [
   0.9999994039535522,
   0.0006869407370686531,
   0.0008552842191420496,
   -0.0006870381766930223,
   0.9999997615814209,
   0.00011366608669050038,
   -0.00085520587163046,
   -0.0001142536275438033,
   0.9999996423721313
  ],
  [
   0.9999994039535522,
   0.0007454990409314632,
   0.000815932173281908,
   -0.0007457567844539881,
   0.9999996423721313,
   0.00031553354347124696,
   -0.0008156966650858521,
   -0.00031614184263162315,
   0.9999995231628418
  ],
  [
   0.9999995231628418,
   0.0007859038887545466,
   0.0006356688681989908,
   -0.0007862201891839504,
   0.9999995231628418,
   0.0004974703770130873,
   -0.0006352777709253132,
   -0.0004979698569513857,
   0.9999996423721313
  ],
  [
   0.9999995231628418,
   0.0007118583889678121,
   0.0006019843276590109,
   -0.0007122235838323832,
   0.9999995231628418,
   0.0006065861089155078,
   -0.0006015522521920502,
   -0.0006070145755074918,
   0.9999996423721313
  ],
  [
   0.999999463558197,
   0.0007831663824617863,
   0.0006745659047737718,
   -0.0007836149306967854,
   0.999999463558197,
   0.0006650301511399448,
   -0.0006740447715856135,
   -0.0006655583274550736,
   0.9999995231628418
  ],
  [
   0.9999994039535522,
   0.0008413421455770731,
   0.0006352665950544178,
   -0.0008418383658863604,
   0.9999994039535522,
   0.0007811773102730513,
   -0.0006346089649014175,
   -0.0007817117148078978,
   0.9999995231628418
  ],
  [
   0.999999463558197,
   0.000771951861679554,
   0.000640154117718339,
   -0.0007723954040557146,
   0.9999994039535522,
   0.0006930346135050058,
   -0.0006396187236532569,
   -0.0006935287965461612,
   0.9999995231628418
  ],
  [
   0.9999994039535522,
   0.0009220202337019145,
   0.000593213364481926,
   -0.0009224900277331471,
   0.9999992251396179,
   0.0007922009681351483,
   -0.0005924825090914965,
   -0.0007927476544864476,
   0.9999995231628418
  ],
  [
   0.9999993443489075,
   0.000993447727523744,
   0.00048486440209671855,
   -0.0009938512230291963,
   0.9999991655349731,
   0.0008323347428813577,
   -0.0004840371257159859,
   -0.000832816120237112,
   0.9999995231628418
  ],
  [
   0.9999994039535522,
   0.0010432387934997678,
   0.00035828634281642735,
   -0.0010435053845867515,
   0.9999992251396179,
   0.000745172321330756,
   -0.0003575086884666234,
   -0.0007455457234755158,
   0.9999996423721313
  ],
  [
   0.999999463558197,
   0.0010041091591119766,
   0.0001981596287805587,
   -0.0010042497888207436,
   0.9999992847442627,
   0.0007110217120498419,
   -0.0001974455371964723,
   -0.0007112203747965395,
   0.9999997615814209
  ],
  [
   0.999999463558197,
   0.0010480612982064486,
   0.0001660805573919788,
   -0.001048175385221839,
   0.9999991655349731,
   0.0006875153630971909,
   -0.00016535988834220916,
   -0.0006876890547573566,
   0.9999997615814209
  ],
  [
   0.9999992847442627,
   0.0011986932950094342,
   0.00023750703257974237,
   -0.0011988793266937137,
   0.999998927116394,
   0.0007843716884963214,
   -0.00023656657140236348,
   -0.000784655858296901,
   0.9999996423721313
  ],
  [
   0.999998927116394,
   0.0013949392596259713,
   0.00033385466667823493,
   -0.0013952442677691579,
   0.9999985694885254,
   0.0009149302495643497,
   -0.0003325779107399285,
   -0.0009153951541520655,
   0.9999995231628418
  ],
  [
   0.9999984502792358,
   0.0017225578194484115,
   0.00035374349681660533,
   -0.0017229293007403612,
   0.9999979138374329,
   0.001052386243827641,
   -0.00035192997893318534,
   -0.0010529939318075776,
   0.9999994039535522
  ],
  [
   0.9999985694885254,
   0.0017175081884488463,
   5.132711521582678e-05,
   -0.0017175684915855527,
   0.9999978542327881,
   0.0011958772083744407,
   -4.927307600155473e-05,
   -0.0011959635885432363,
   0.9999992847442627
  ],
  [
   0.999998927116394,
   0.0014533957000821829,
   -0.00033535814145579934,
   -0.001452981261536479,
   0.999998152256012,
   0.0012329338351264596,
   0.0003371494822204113,
   -0.001232445240020752,
   0.9999991655349731
  ],
  [
   0.9999985694885254,
   0.0015388542087748647,
   -0.0006665167747996747,
   -0.0015379114774987102,
   0.9999979138374329,
   0.0014124112203717232,
   0.0006686887354589999,
   -0.001411384204402566,
   0.9999988079071045
  ],
  [
   0.9999986290931702,
   0.0014488042797893286,
   -0.0007992650498636067,
   -0.0014477451331913471,
   0.9999980330467224,
   0.0013243021676316857,
   0.0008011821773834527,
   -0.0013231432531028986,
   0.9999988079071045
  ],
  [
   0.9999986290931702,
   0.0014256415888667107,
   -0.0008283585775643587,
   -0.0014245701022446156,
   0.9999980926513672,
   0.0012927071657031775,
   0.0008301999769173563,
   -0.0012915253173559904,
   0.9999988079071045
  ],
  [
   0.9999990463256836,
   0.001106330077163875,
   -0.0008513692300766706,
   -0.0011050300672650337,
   0.9999982118606567,
   0.0015258040511980653,
   0.0008530557970516384,
   -0.00152486190199852,
   0.9999984502792358
  ],
  [
   0.999998927116394,
   9.312157635577023e-05,
   -0.0014597292756661773,
   -9.107215737458318e-05,
   0.9999990463256836,
   0.001403981470502913,
   0.001459858613088727,
   -0.0014038470108062029,
   0.9999978542327881
  ],
  [
   0.9999984502792358,
   -0.0004695132956840098,
   -0.0016760638682171702,
   0.00047185985022224486,
   0.9999988675117493,
   0.0013998737558722496,
   0.0016754049574956298,
   -0.001400662469677627,
   0.999997615814209
  ],
  [
   0.9999982118606567,
   -0.0008662427426315844,
   -0.0016828912775963545,
   0.0008689335663802922,
   0.9999983310699463,
   0.0015988918021321297,
   0.0016815036069601774,
   -0.0016003514174371958,
   0.9999973773956299
  ],
  [
   0.9999988079071045,
   -0.0009700607042759657,
   -0.0012031374499201775,
   0.000972348207142204,
   0.9999976754188538,
   0.0019021416082978249,
   0.0012012895895168185,
   -0.0019033091375604272,
   0.9999974966049194
  ],
  [
   0.999998927116394,
   -0.000524861563462764,
   -0.0013369718799367547,
   0.0005275412695482373,
   0.9999978542327881,
   0.0020046927966177464,
   0.0013359168078750372,
   -0.0020053961779922247,
   0.9999971389770508
  ],
  [
   0.9999989867210388,
   0.0001885761448647827,
   -0.0014332247665151954,
   -0.00018574333807919174,
   0.9999979734420776,
   0.0019764078315347433,
   0.0014335945015773177,
   -0.001976139610633254,
   0.9999970197677612
  ],
  [
   0.9999986886978149,
   0.00011098584218416363,
   -0.0016457716701552272,
   -0.00010796712012961507,
   0.9999983310699463,
   0.0018342043040320277,
   0.0016459726030007005,
   -0.0018340242095291615,
   0.9999970197677612
  ],
  [
   0.9999982714653015,
   -0.00018497691780794412,
   -0.0018496632110327482,
   0.0001884118391899392,
   0.9999982118606567,
   0.0018570449901744723,
   0.0018493165262043476,
   -0.001857390278019011,
   0.9999966621398926
  ],
  [
   0.9999973773956299,
   -0.00011527004971867427,
   -0.002292951103299856,
   0.00011937470844713971,
   0.9999983906745911,
   0.001790063688531518,
   0.0022927410900592804,
   -0.0017903328407555819,
   0.9999957084655762
  ],
  [
   0.9999963641166687,
   -0.0005634515546262264,
   -0.002643964719027281,
   0.0005682515329681337,
   0.9999982118606567,
   0.0018150212708860636,
   0.0026429372373968363,
   -0.0018165173241868615,
   0.9999947547912598
  ],
  [
   0.9999935626983643,
   0.0005050314939580858,
   -0.0035660306457430124,
   -0.0004963384126313031,
   0.9999969005584717,
   0.002438212279230356,
   0.0035672509111464024,
   -0.002436426468193531,
   0.999990701675415
  ],
  [
   0.9999945759773254,
   0.0011924077989533544,
   -0.0030563934706151485,
   -0.0011838898062705994,
   0.9999954104423523,
   0.0027872533537447453,
   0.0030597031582146883,
   -0.0027836200315505266,
   0.9999915361404419
  ],
  [
   0.9999937415122986,
   0.0026617201510816813,
   -0.002343712840229273,
   -0.002654173644259572,
   0.9999912977218628,
   0.003217003308236599,
   0.0023522551637142897,
   -0.0032107627484947443,
   0.9999921321868896
  ],
  [
   0.9999948740005493,
   0.0011344219092279673,
   -0.002995308255776763,
   -0.001122140558436513,
   0.9999909400939941,
   0.004098713863641024,
   0.002999930875375867,
   -0.004095332231372595,
   0.9999871253967285
  ],
  [
   0.999993622303009,
   0.0009702653624117374,
   -0.003446781076490879,
   -0.000954610644839704,
   0.9999892115592957,
   0.004540565423667431,
   0.003451149445027113,
   -0.004537245724350214,
   0.9999837875366211
  ],
  [
   0.9999929666519165,
   0.0011249789968132973,
   -0.0035655761603266,
   -0.001109009375795722,
   0.99998939037323,
   0.0044777002185583115,
   0.0035705757327377796,
   -0.00447371369227767,
   0.999983549118042
  ],
  [
   0.9999944567680359,
   0.0012642843648791313,
   -0.003088067751377821,
   -0.0012523798504844308,
   0.999991774559021,
   0.0038539348170161247,
   0.0030929148197174072,
   -0.0038500456139445305,
   0.9999878406524658
  ],
  [
   0.999995231628418,
   -0.0006882270099595189,
   -0.0029985029250383377,
   0.0006993159186094999,
   0.9999929070472717,
   0.003698696382343769,
   0.0029959362000226974,
   -0.003700776258483529,
   0.9999886751174927
  ],
  [
   0.9999946355819702,
   -0.0009109268430620432,
   -0.003158498089760542,
   0.000922067032661289,
   0.9999933838844299,
   0.003527367254719138,
   0.003155263839289546,
   -0.003530261106789112,
   0.9999887943267822
  ],
  [
   0.9999945759773254,
   -0.0011293863644823432,
   -0.0030913655646145344,
   0.0011402607196941972,
   0.9999931454658508,
   0.0035181676503270864,
   0.0030873711220920086,
   -0.00352167384698987,
   0.9999890327453613
  ],
  [
   0.9999951720237732,
   -0.001152564538642764,
   -0.0028781818691641092,
   0.001164060551673174,
   0.9999912977218628,
   0.003995667677372694,
   0.0028735515661537647,
   -0.003998998552560806,
   0.9999878406524658
  ],
  [
   0.9999890923500061,
   -0.0016996747581288218,
   -0.004337400197982788,
   0.001718081533908844,
   0.9999895095825195,
   0.004243549425154924,
   0.004330141469836235,
   -0.004250955302268267,
   0.9999816417694092
  ],
  [
   0.9999896287918091,
   -0.0007892583380453289,
   -0.004492774605751038,
   0.0008092234493233263,
   0.9999897480010986,
   0.004443702287971973,
   0.0044892216101288795,
   -0.004447292070835829,
   0.9999799728393555
  ],
  [
   0.9999939203262329,
   -0.000376190640963614,
   -0.003451596712693572,
   0.0003921243187505752,
   0.9999892711639404,
   0.004616794642060995,
   0.003449823008850217,
   -0.0046181208454072475,
   0.9999834299087524
  ],
  [
   0.9999924898147583,
   0.0014964219881221652,
   -0.0035833914298564196,
   -0.0014794414164498448,
   0.9999877214431763,
   0.004736676812171936,
   0.00359043525531888,
   -0.004731339868158102,
   0.9999823570251465
  ],
  [
   0.9999923706054688,
   0.0029403315857052803,
   -0.0025515430606901646,
   -0.002927275374531746,
   0.9999827146530151,
   0.005105733405798674,
   0.002566511742770672,
   -0.005098225548863411,
   0.9999836683273315
  ],
  [
   0.9999880194664001,
   0.004019921645522118,
   -0.002790299942716956,
   -0.004005230497568846,
   0.9999781847000122,
   0.0052508460357785225,
   0.0028113473672419786,
   -0.005239606369286776,
   0.9999823570251465
  ],
  [
   0.9999895691871643,
   0.0035010483115911484,
   -0.002936260774731636,
   -0.003486344125121832,
   0.9999814629554749,
   0.004998136777430773,
   0.002953705145046115,
   -0.004987848456948996,
   0.9999831914901733
  ],
  [
   0.9999918341636658,
   0.0034462963230907917,
   -0.0021082235034555197,
   -0.003436754923313856,
   0.9999839067459106,
   0.0045129358768463135,
   0.002123742364346981,
   -0.004505653399974108,
   0.9999876022338867
  ],
  [
   0.9999911785125732,
   0.0035432614386081696,
   -0.0022713521029800177,
   -0.0035329977981746197,
   0.9999836087226868,
   0.004507118836045265,
   0.0022872849367558956,
   -0.00449905451387167,
   0.9999872446060181
  ],
  [
   0.9999906420707703,
   0.0036481055431067944,
   -0.002338139107450843,
   -0.0036372432950884104,
   0.9999826550483704,
   0.004633227363228798,
   0.0023550009354948997,
   -0.00462467921897769,
   0.9999865293502808
  ],
  [
   0.999990701675415,
   0.003611781634390354,
   -0.0023442665114998817,
   -0.0036005598958581686,
   0.9999821186065674,
   0.004773636348545551,
   0.0023614661768078804,
   -0.004765151999890804,
   0.9999858140945435
  ],
  [
   0.9999911189079285,
   0.0036300700157880783,
   -0.002120991935953498,
   -0.003619667375460267,
   0.9999815225601196,
   0.004888063762336969,
   0.002138696610927582,
   -0.004880343563854694,
   0.9999858140945435
  ],
  [
   0.9999915957450867,
   0.003621805226430297,
   -0.001940262271091342,
   -0.003611754858866334,
   0.9999802112579346,
   0.005158447194844484,
   0.001958906650543213,
   -0.0051513961516320705,
   0.999984860420227
  ],
  [
   0.9999920725822449,
   0.003500978462398052,
   -0.0019177242647856474,
   -0.0034904784988611937,
   0.9999790787696838,
   0.005451548844575882,
   0.0019367699278518558,
   -0.005444811657071114,
   0.9999833106994629
  ],
  [
   0.9999914169311523,
   0.0036776596680283546,
   -0.0019032201962545514,
   -0.0036670013796538115,
   0.999977707862854,
   0.005573610309511423,
   0.001923675648868084,
   -0.005566583015024662,
   0.9999827146530151
  ],
  [
   0.9999910593032837,
   0.003694345476105809,
   -0.0020640708971768618,
   -0.0036823642440140247,
   0.9999765753746033,
   0.0057784938253462315,
   0.0020853702444583178,
   -0.005770842079073191,
   0.999981164932251
  ],
  [
   0.9999908804893494,
   0.0037338549736887217,
   -0.0020847341511398554,
   -0.003721598070114851,
   0.9999759793281555,
   0.005852724425494671,
   0.0021065371111035347,
   -0.005844913423061371,
   0.9999806880950928
  ],
  [
   0.9999905228614807,
   0.0038233620580285788,
   -0.0020791387651115656,
   -0.003810866503044963,
   0.9999749064445496,
   0.005981265567243099,
   0.0021019550040364265,
   -0.0059732855297625065,
   0.9999799728393555
  ],
  [
   0.9999901652336121,
   0.003884240286424756,
   -0.0021620593033730984,
   -0.003871037159115076,
   0.9999740719795227,
   0.006077806930989027,
   0.0021856105886399746,
   -0.00606937799602747,
   0.9999792575836182
  ],
  [
   0.9999898076057434,
   0.0038408308755606413,
   -0.0023560035042464733,
   -0.003826204454526305,
   0.9999735355377197,
   0.0061815460212528706,
   0.0023796837776899338,
   -0.006172468885779381,
   0.9999780654907227
  ],
  [
   0.9999895095825195,
   0.003898623865097761,
   -0.002422102028504014,
   -0.0038834682200104,
   0.9999730587005615,
   0.006230718456208706,
   0.0024463278241455555,
   -0.006221246439963579,
   0.999977707862854
  ],
  [
   0.9999896287918091,
   0.0039138225838541985,
   -0.002346382010728121,
   -0.003898435505107045,
   0.9999710917472839,
   0.006527040619403124,
   0.0023718602024018764,
   -0.006517826579511166,
   0.9999760389328003
  ],
  [
   0.9999895691871643,
   0.003949862439185381,
   -0.002272037323564291,
   -0.003934575244784355,
   0.9999698400497437,
   0.006694036535918713,
   0.00229840911924839,
   -0.006685027852654457,
   0.9999749660491943
  ],
  [
   0.9999893307685852,
   0.004059190396219492,
   -0.002212560037150979,
   -0.004043926950544119,
   0.9999682903289795,
   0.0068602352403104305,
   0.002240337198600173,
   -0.006851214915513992,
   0.9999740123748779
  ],
  [
   0.9999889731407166,
   0.004175863228738308,
   -0.002149545820429921,
   -0.004160541109740734,
   0.9999662637710571,
   0.007083627860993147,
   0.0021790536120533943,
   -0.007074607070535421,
   0.9999725818634033
  ],
  [
   0.9999884963035583,
   0.004261511377990246,
   -0.002209427999332547,
   -0.004245299380272627,
   0.9999643564224243,
   0.007291238754987717,
   0.002240421250462532,
   -0.007281776051968336,
   0.9999710321426392
  ],
  [
   0.9999881386756897,
   0.004385871347039938,
   -0.0021324483677744865,
   -0.004370308015495539,
   0.99996417760849,
   0.007248752284795046,
   0.0021641638595610857,
   -0.007239346392452717,
   0.9999715089797974
  ],
  [
   0.9999880790710449,
   0.004380552563816309,
   -0.00215153768658638,
   -0.004364875145256519,
   0.9999642372131348,
   0.007238180376589298,
   0.002183167962357402,
   -0.0072287023067474365,
   0.9999715089797974
  ],
  [
   0.9999876618385315,
   0.004445970058441162,
   -0.002200639806687832,
   -0.004429519642144442,
   0.9999626278877258,
   0.007424671668559313,
   0.0022335671819746494,
   -0.007414833642542362,
   0.9999700784683228
  ],
  [
   0.9999872446060181,
   0.004567470867186785,
   -0.0021612108685076237,
   -0.00455100554972887,
   0.9999610781669617,
   0.0075629944913089275,
   0.0021956705022603273,
   -0.007553062867373228,
   0.9999690055847168
  ],
  [
   0.9999867677688599,
   0.004685888532549143,
   -0.0021084854379296303,
   -0.004669500049203634,
   0.999959409236908,
   0.00771148968487978,
   0.0021445350721478462,
   -0.007701543625444174,
   0.9999680519104004
  ],
  [
   0.9999864101409912,
   0.004760087467730045,
   -0.002137906150892377,
   -0.004742886871099472,
   0.9999569058418274,
   0.007979575544595718,
   0.002175797475501895,
   -0.0079693254083395,
   0.9999659061431885
  ],
  [
   0.9999861121177673,
   0.004805393051356077,
   -0.002157995942980051,
   -0.004787607118487358,
   0.9999551773071289,
   0.008172730915248394,
   0.002197172259911895,
   -0.008162287063896656,
   0.9999642372131348
  ],
  [
   0.9999856352806091,
   0.004868694115430117,
   -0.0022195945493876934,
   -0.004850067663937807,
   0.9999536275863647,
   0.008321342058479786,
   0.0022600058000534773,
   -0.00831045676022768,
   0.9999629259109497
  ],
  [
   0.9999855160713196,
   0.0048506916500627995,
   -0.002315768739208579,
   -0.00483103608712554,
   0.9999528527259827,
   0.008419139310717583,
   0.002356498269364238,
   -0.008407831192016602,
   0.9999618530273438
  ],
  [
   0.9999852776527405,
   0.004890428856015205,
   -0.0023336983285844326,
   -0.004870456177741289,
   0.9999520778656006,
   0.008488498628139496,
   0.0023750991094857454,
   -0.008477007038891315,
   0.999961256980896
  ],
  [
   0.9999850392341614,
   0.004935538396239281,
   -0.002360176993533969,
   -0.004915172699838877,
   0.9999513030052185,
   0.008558278903365135,
   0.0024023018777370453,
   -0.008546550758183002,
   0.9999605417251587
  ],
  [
   0.999984085559845,
   0.005190221592783928,
   -0.002205310855060816,
   -0.005170636344701052,
   0.9999479651451111,
   0.008795659989118576,
   0.002250847639515996,
   -0.008784117177128792,
   0.999958872795105
  ],
  [
   0.999983549118042,
   0.005347333382815123,
   -0.0020955544896423817,
   -0.005328209139406681,
   0.9999450445175171,
   0.009027926251292229,
   0.00214371457695961,
   -0.00901661068201065,
   0.9999570846557617
  ],
  [
   0.9999834299087524,
   0.0053846933878958225,
   -0.002043211366981268,
   -0.005365543998777866,
   0.9999427199363708,
   0.009264602325856686,
   0.002092981245368719,
   -0.0092534851282835,
   0.9999549388885498
  ],
  [
   0.9999832510948181,
   0.005440154578536749,
   -0.0019765484612435102,
   -0.005421264562755823,
   0.9999407529830933,
   0.009439580142498016,
   0.002027784241363406,
   -0.009428707882761955,
   0.9999535083770752
  ],
  [
   0.9999832510948181,
   0.005444932729005814,
   -0.001981355482712388,
   -0.005425798241049051,
   0.9999397993087769,
   0.009537724778056145,
   0.002033168449997902,
   -0.009526815265417099,
   0.9999525547027588
  ],
  [
   0.9999829530715942,
   0.00549175264313817,
   -0.001987418392673135,
   -0.005472424440085888,
   0.99993896484375,
   0.009603260084986687,
   0.002040035557001829,
   -0.009592220187187195,
   0.999951958656311
  ],
  [
   0.9999831318855286,
   0.005356921814382076,
   -0.0022285240702331066,
   -0.0053353155963122845,
   0.9999397397041321,
   0.009590894915163517,
   0.0022797673009335995,
   -0.009578844532370567,
   0.9999514818191528
  ],
  [
   0.9999825358390808,
   0.005431027617305517,
   -0.0023091959301382303,
   -0.005408100783824921,
   0.999937117099762,
   0.009821048937737942,
   0.0023623891174793243,
   -0.009808388538658619,
   0.9999490976333618
  ],
  [
   0.9999820590019226,
   0.005520198028534651,
   -0.0023060126695781946,
   -0.005496645346283913,
   0.9999338984489441,
   0.010098113678395748,
   0.00236160377971828,
   -0.010085257701575756,
   0.9999463558197021
  ],
  [
   0.9999816417694092,
   0.0056302510201931,
   -0.0022628596052527428,
   -0.005606800317764282,
   0.999931812286377,
   0.010239657945930958,
   0.002320357598364353,
   -0.010226783342659473,
   0.9999450445175171
  ],
  [
   0.9999812841415405,
   0.005765129346400499,
   -0.0020219695288687944,
   -0.005743844900280237,
   0.9999296069145203,
   0.010379089042544365,
   0.002081664279103279,
   -0.01036728173494339,
   0.9999440908432007
  ],
  [
   0.9999807476997375,
   0.005855115596204996,
   -0.002032654592767358,
   -0.00583359319716692,
   0.9999284744262695,
   0.010437587276101112,
   0.002093622460961342,
   -0.010425529442727566,
   0.9999434947967529
  ],
  [
   0.9999805092811584,
   0.005938063841313124,
   -0.001931907725520432,
   -0.0059174103662371635,
   0.9999270439147949,
   0.01052619144320488,
   0.0019942722283303738,
   -0.010514556430280209,
   0.9999426603317261
  ],
  [
   0.9999802708625793,
   0.005947863683104515,
   -0.002022650558501482,
   -0.005925992503762245,
   0.9999257326126099,
   0.010652570985257626,
   0.002085860585793853,
   -0.010640375316143036,
   0.9999412298202515
  ],
  [
   0.9999794363975525,
   0.006086567882448435,
   -0.002002123976126313,
   -0.006064583081752062,
   0.9999232292175293,
   0.010809413157403469,
   0.0020677626598626375,
   -0.010797048918902874,
   0.9999395608901978
  ],
  [
   0.9999794363975525,
   0.006093957461416721,
   -0.0020245446357876062,
   -0.006071521434932947,
   0.9999220967292786,
   0.01090935617685318,
   0.0020908680744469166,
   -0.010896839201450348,
   0.9999384880065918
  ],
  [
   0.9999793767929077,
   0.006120985373854637,
   -0.001962651964277029,
   -0.0060989209450781345,
   0.9999203085899353,
   0.011058193631470203,
   0.0020301826298236847,
   -0.01104599516838789,
   0.9999369382858276
  ],
  [
   0.9999787211418152,
   0.006254861131310463,
   -0.0018573644338175654,
   -0.006233657244592905,
   0.99991774559021,
   0.011210733093321323,
   0.0019273333018645644,
   -0.011198916472494602,
   0.9999353885650635
  ],
  [
   0.9999772906303406,
   0.006478807423263788,
   -0.0018307832069694996,
   -0.006457689683884382,
   0.9999151825904846,
   0.01131410151720047,
   0.0019039297476410866,
   -0.011302022263407707,
   0.9999343156814575
  ],
  [
   0.9999761581420898,
   0.006660288665443659,
   -0.0018041104776784778,
   -0.006639153230935335,
   0.9999120831489563,
   0.011478283442556858,
   0.0018804005812853575,
   -0.01146603375673294,
   0.9999325275421143
  ],
  [
   0.9999755024909973,
   0.006783032324165106,
   -0.0017483426490798593,
   -0.006762265227735043,
   0.9999095797538757,
   0.011622484773397446,
   0.0018270201981067657,
   -0.01161037664860487,
   0.9999308586120605
  ],
  [
   0.9999749660491943,
   0.006853590719401836,
   -0.001739527564495802,
   -0.006832588464021683,
   0.9999069571495056,
   0.011805332265794277,
   0.0018202748615294695,
   -0.011793151497840881,
   0.9999288320541382
  ],
  [
   0.9999743103981018,
   0.0069676414132118225,
   -0.0016524469247087836,
   -0.006947431713342667,
   0.9999046325683594,
   0.011935875751078129,
   0.0017354541923850775,
   -0.011924088932573795,
   0.9999274015426636
  ],
  [
   0.9999738931655884,
   0.007051082327961922,
   -0.00155447400175035,
   -0.007031742483377457,
   0.9999018907546997,
   0.01211479026824236,
   0.001639744034036994,
   -0.012103544548153877,
   0.9999253749847412
  ],
  [
   0.9999738335609436,
   0.007090311031788588,
   -0.0014384291134774685,
   -0.007072073873132467,
   0.9998992681503296,
   0.012310391291975975,
   0.0015255688922479749,
   -0.012299895286560059,
   0.9999232292175293
  ],
  [
   0.9999732971191406,
   0.007171471603214741,
   -0.0014159540878608823,
   -0.007153262849897146,
   0.9998966455459595,
   0.01247095875442028,
   0.0015052428934723139,
   -0.0124604981392622,
   0.9999212026596069
  ],
  [
   0.999973475933075,
   0.007161298766732216,
   -0.0013437345623970032,
   -0.007143779657781124,
   0.999894917011261,
   0.012618470005691051,
   0.0014339580666273832,
   -0.012608534656465054,
   0.9999195337295532
  ],
  [
   0.9999737739562988,
   0.0071130055002868176,
   -0.0013532754965126514,
   -0.007095279637724161,
   0.999894380569458,
   0.012681053020060062,
   0.0014433331089094281,
   -0.012671117670834064,
   0.9999185800552368
  ],
  [
   0.9999739527702332,
   0.00708553334698081,
   -0.0013801706954836845,
   -0.007067377213388681,
   0.999893844127655,
   0.0127434516325593,
   0.0014703184133395553,
   -0.012733366340398788,
   0.9999178647994995
  ],
  [
   0.9999736547470093,
   0.007161383051425219,
   -0.0011674216948449612,
   -0.007145651616156101,
   0.9998903870582581,
   0.012964455410838127,
   0.0012601373018696904,
   -0.012955774553120136,
   0.9999152421951294
  ],
  [
   0.999973714351654,
   0.007189400028437376,
   -0.0009804613655433059,
   -0.00717583205550909,
   0.9998870491981506,
   0.013203255832195282,
   0.0010752741945907474,
   -0.01319587230682373,
   0.9999122619628906
  ],
  [
   0.9999728798866272,
   0.007308849599212408,
   -0.0008938275277614594,
   -0.007296189200133085,
   0.9998831748962402,
   0.013430576771497726,
   0.000991885201074183,
   -0.013423693366348743,
   0.9999094009399414
  ],
  [
   0.9999715089797974,
   0.0075155687518417835,
   -0.0007113220053724945,
   -0.007505173794925213,
   0.9998789429664612,
   0.013633965514600277,
   0.0008137028198689222,
   -0.013628238812088966,
   0.9999067783355713
  ],
  [
   0.9999708533287048,
   0.007599265780299902,
   -0.0007889116532169282,
   -0.007587816100567579,
   0.999878466129303,
   0.013622662052512169,
   0.0008923379937186837,
   -0.013616279698908329,
   0.9999068975448608
  ],
  [
   0.9999704360961914,
   0.007643052842468023,
   -0.0008302035857923329,
   -0.007631001528352499,
   0.9998775124549866,
   0.013661260716617107,
   0.0009345157304778695,
   -0.01365452166646719,
   0.9999063014984131
  ],
  [
   0.9999704957008362,
   0.007639350835233927,
   -0.0008012325852178037,
   -0.007627699989825487,
   0.9998776912689209,
   0.01365605741739273,
   0.0009054580586962402,
   -0.013649542815983295,
   0.9999064207077026
  ],
  [
   0.9999706149101257,
   0.007628437597304583,
   -0.0007625006837770343,
   -0.0076172142289578915,
   0.9998761415481567,
   0.013773441314697266,
   0.0008674761047586799,
   -0.013767230324447155,
   0.9999048709869385
  ],
  [
   0.9999703168869019,
   0.0076750898733735085,
   -0.0006523279589600861,
   -0.0076653179712593555,
   0.9998746514320374,
   0.013853560201823711,
   0.0007585735875181854,
   -0.013848149217665195,
   0.9999037981033325
  ],
  [
   0.9999710917472839,
   0.007586720399558544,
   -0.0005792755982838571,
   -0.007577909156680107,
   0.9998740553855896,
   0.013941384851932526,
   0.0006849720375612378,
   -0.013936592265963554,
   0.999902606010437
  ],
  [
   0.9999709129333496,
   0.007612787652760744,
   -0.0005087591125629842,
   -0.007604926358908415,
   0.9998732209205627,
   0.013989812694489956,
   0.0006151960697025061,
   -0.013985536061227322,
   0.9999020099639893
  ],
  [
   0.9999703168869019,
   0.007690536789596081,
   -0.0003687474236357957,
   -0.007684600073844194,
   0.9998717904090881,
   0.014045216143131256,
   0.0004767154750879854,
   -0.014041966758668423,
   0.999901294708252
  ],
  [
   0.9999709725379944,
   0.007612097077071667,
   -0.0003101399925071746,
   -0.007606972474604845,
   0.9998717904090881,
   0.014088049530982971,
   0.0004173399065621197,
   -0.014085281640291214,
   0.9999006986618042
  ],
  [
   0.9999706149101257,
   0.007659584283828735,
   -0.00016803044127300382,
   -0.007656450383365154,
   0.9998711347579956,
   0.014110073447227478,
   0.00027608609525486827,
   -0.01410837285220623,
   0.9999003410339355
  ],
  [
   0.9999703168869019,
   0.00771036883816123,
   -1.2746461834467482e-05,
   -0.007709406781941652,
   0.9998689889907837,
   0.014234456233680248,
   0.00012249771680217236,
   -0.014233935624361038,
   0.9998986721038818
  ],
  [
   0.9999693036079407,
   0.007840250618755817,
   6.716181087540463e-05,
   -0.007840408012270927,
   0.9998664259910583,
   0.014344795607030392,
   4.531398371909745e-05,
   -0.014344882220029831,
   0.9998971223831177
  ],
  [
   0.9999686479568481,
   0.00791547168046236,
   0.0001790219685062766,
   -0.00791722722351551,
   0.9998652935028076,
   0.014378713443875313,
   -6.518352893181145e-05,
   -0.014379681088030338,
   0.9998966455459595
  ],
  [
   0.9999678134918213,
   0.008015369065105915,
   0.00034516360028646886,
   -0.008019511587917805,
   0.9998639822006226,
   0.014413808472454548,
   -0.0002295846352353692,
   -0.014416112564504147,
   0.9998960494995117
  ],
  [
   0.9999680519104004,
   0.00798620656132698,
   0.00038506920100189745,
   -0.007990957237780094,
   0.9998626112937927,
   0.014522125944495201,
   -0.0002690396213438362,
   -0.014524738304316998,
   0.999894380569458
  ],
  [
   0.9999674558639526,
   0.008058959618210793,
   0.0005031914333812892,
   -0.008065469563007355,
   0.9998601078987122,
   0.014652874320745468,
   -0.0003850341308861971,
   -0.01465645618736744,
   0.9998924732208252
  ],
  [
   0.9999671578407288,
   0.008081295527517796,
   0.0006003746530041099,
   -0.008089270442724228,
   0.999858558177948,
   0.014744669198989868,
   -0.0004811336984857917,
   -0.014749042689800262,
   0.9998910427093506
  ],
  [
   0.9999666810035706,
   0.008135699667036533,
   0.0007316771661862731,
   -0.008145651780068874,
   0.9998570084571838,
   0.014818930998444557,
   -0.0006110102403908968,
   -0.014824398793280125,
   0.9998898506164551
  ],
  [
   0.9999661445617676,
   0.008183651603758335,
   0.0008608025964349508,
   -0.008195540867745876,
   0.9998560547828674,
   0.014856481924653053,
   -0.0007390984101220965,
   -0.014863034710288048,
   0.9998892545700073
  ],
  [
   0.9999657273292542,
   0.008212676271796227,
   0.0010311933001503348,
   -0.008227155543863773,
   0.9998548030853271,
   0.014922167174518108,
   -0.0009084926568903029,
   -0.01493014208972454,
   0.9998880624771118
  ],
  [
   0.999965488910675,
   0.008229212835431099,
   0.0011387383565306664,
   -0.008245265111327171,
   0.999855101108551,
   0.01489412784576416,
   -0.0010160064557567239,
   -0.014903003349900246,
   0.9998884201049805
  ],
  [
   0.9999650716781616,
   0.008264292031526566,
   0.001279564225114882,
   -0.008282440714538097,
   0.9998548030853271,
   0.014894853346049786,
   -0.0011562829604372382,
   -0.0149049311876297,
   0.9998881816864014
  ],
  [
   0.9999649524688721,
   0.008243690244853497,
   0.0014396489132195711,
   -0.008264293894171715,
   0.9998541474342346,
   0.014946060255169868,
   -0.0013162282994017005,
   -0.014957433566451073,
   0.999887228012085
  ],
  [
   0.9999648928642273,
   0.008223765529692173,
   0.0015857556136325002,
   -0.00824656616896391,
   0.9998542070388794,
   0.014952857978641987,
   -0.0014625556068494916,
   -0.014965411275625229,
   0.9998869895935059
  ],
  [
   0.99996417760849,
   0.008270297199487686,
   0.0017898899968713522,
   -0.00829616840928793,
   0.9998536109924316,
   0.014964625239372253,
   -0.0016658662352710962,
   -0.014978941529989243,
   0.9998863935470581
  ],
  [
   0.9999639391899109,
   0.008268488571047783,
   0.001940747955814004,
   -0.008296885527670383,
   0.999851405620575,
   0.015110334381461143,
   -0.0018155199941247702,
   -0.01512589119374752,
   0.9998838901519775
  ],
  [
   0.999962568283081,
   0.008406518027186394,
   0.002027814043685794,
   -0.008436149917542934,
   0.9998507499694824,
   0.01507602259516716,
   -0.0019007747760042548,
   -0.01509256474673748,
   0.9998842477798462
  ],
  [
   0.9999619722366333,
   0.00845368206501007,
   0.002125241793692112,
   -0.008484786376357079,
   0.9998503923416138,
   0.015079325065016747,
   -0.0019974475726485252,
   -0.015096787363290787,
   0.9998840093612671
  ],
  [
   0.9999611377716064,
   0.008515987545251846,
   0.0022836802527308464,
   -0.008549625054001808,
   0.9998486638069153,
   0.015148046426475048,
   -0.0021543342154473066,
   -0.01516698207706213,
   0.9998825788497925
  ],
  [
   0.9999611973762512,
   0.0084932129830122,
   0.0023414157330989838,
   -0.008527727797627449,
   0.9998489022254944,
   0.015147686935961246,
   -0.0022124096285551786,
   -0.015167065896093845,
   0.9998824596405029
  ],
  [
   0.9999613165855408,
   0.008457917720079422,
   0.0024358732625842094,
   -0.00849385466426611,
   0.9998493194580078,
   0.01514166034758091,
   -0.002307439222931862,
   -0.015161764807999134,
   0.9998823404312134
  ],
  [
   0.9999604821205139,
   0.008524062111973763,
   0.0025196552742272615,
   -0.008561370894312859,
   0.9998480677604675,
   0.015186795964837074,
   -0.0023898191284388304,
   -0.015207767486572266,
   0.9998815059661865
  ],
  [
   0.9999601244926453,
   0.008546235039830208,
   0.002613396616652608,
   -0.00858493335545063,
   0.9998480677604675,
   0.015172929503023624,
   -0.00248332810588181,
   -0.015194760635495186,
   0.9998815059661865
  ],
  [
   0.9999603629112244,
   0.008505127392709255,
   0.002630047034472227,
   -0.0085440119728446,
   0.9998488426208496,
   0.015144454315304756,
   -0.002500843955203891,
   -0.015166324563324451,
   0.9998818635940552
  ],
  [
   0.9999604225158691,
   0.008490899577736855,
   0.002654505893588066,
   -0.008529952727258205,
   0.9998501539230347,
   0.015064121223986149,
   -0.002526199910789728,
   -0.015086169354617596,
   0.9998829364776611
  ],
  [
   0.9999601244926453,
   0.00851082056760788,
   0.0026931650936603546,
   -0.008550611324608326,
   0.9998490810394287,
   0.015125463716685772,
   -0.0025640283711254597,
   -0.015147888101637363,
   0.9998819828033447
  ],
  [
   0.9999599456787109,
   0.008517320267856121,
   0.0027520933654159307,
   -0.00855797715485096,
   0.9998491406440735,
   0.015115632675588131,
   -0.002622933592647314,
   -0.015138581395149231,
   0.9998819828033447
  ],
  [
   0.9999592900276184,
   0.00856865756213665,
   0.002815680578351021,
   -0.008610167540609837,
   0.999849259853363,
   0.015076925978064537,
   -0.0026860672514885664,
   -0.01510055735707283,
   0.9998823404312134
  ],
  [
   0.9999596476554871,
   0.008524516597390175,
   0.0028397247660905123,
   -0.00856680516153574,
   0.9998473525047302,
   0.015228384174406528,
   -0.0027094772085547447,
   -0.015252095647156239,
   0.9998799562454224
  ],
  [
   0.9999598264694214,
   0.008494684472680092,
   0.0028565330430865288,
   -0.008537260815501213,
   0.9998474717140198,
   0.015238495543599129,
   -0.002726650796830654,
   -0.015262271277606487,
   0.9998798370361328
  ],
  [
   0.9999595880508423,
   0.00852383766323328,
   0.0028731180354952812,
   -0.008566748350858688,
   0.9998467564582825,
   0.01526892464607954,
   -0.002742527984082699,
   -0.015292920172214508,
   0.9998792409896851
  ],
  [
   0.9999596476554871,
   0.008505121804773808,
   0.0028904040809720755,
   -0.008548352867364883,
   0.9998465776443481,
   0.015288624912500381,
   -0.0027599292807281017,
   -0.015312716364860535,
   0.9998788833618164
  ],
  [
   0.9999591112136841,
   0.008565151132643223,
   0.0028898785822093487,
   -0.00860841665416956,
   0.9998458027839661,
   0.015306312590837479,
   -0.00275833229534328,
   -0.015330566093325615,
   0.9998786449432373
  ],
  [
   0.9999589920043945,
   0.008576090447604656,
   0.0029048873111605644,
   -0.008619621396064758,
   0.9998455047607422,
   0.01531983446329832,
   -0.002773054176941514,
   -0.015344245359301567,
   0.9998784065246582
  ],
  [
   0.9999591112136841,
   0.008563783019781113,
   0.002916596131399274,
   -0.008607394061982632,
   0.9998461604118347,
   0.015283643268048763,
   -0.0027852619532495737,
   -0.015308122150599957,
   0.999879002571106
  ],
  [
   0.9999586343765259,
   0.008592892438173294,
   0.0029693508986383677,
   -0.008637207560241222,
   0.9998464584350586,
   0.015247627161443233,
   -0.002837873762473464,
   -0.015272644348442554,
   0.9998793601989746
  ],
  [
   0.999958336353302,
   0.008627706207334995,
   0.002978714881464839,
   -0.008672251366078854,
   0.9998456835746765,
   0.01527978666126728,
   -0.0028464256320148706,
   -0.015304982662200928,
   0.9998787641525269
  ],
  [
   0.9999585747718811,
   0.008599222637712955,
   0.0029731737449765205,
   -0.008643864654004574,
   0.9998449683189392,
   0.01534346491098404,
   -0.0028407706413418055,
   -0.015368531458079815,
   0.9998778104782104
  ],
  [
   0.9999592900276184,
   0.008538936264812946,
   0.0029297617729753256,
   -0.008583036251366138,
   0.9998447895050049,
   0.015385019592940807,
   -0.002797935390844941,
   -0.015409537591040134,
   0.9998773336410522
  ],
  [
   0.9999597072601318,
   0.008513301610946655,
   0.0028582962695509195,
   -0.008556262589991093,
   0.9998452663421631,
   0.015370797365903854,
   -0.002726997947320342,
   -0.015394634567201138,
   0.9998778104782104
  ],
  [
   0.9999591708183289,
   0.00859447568655014,
   0.002808383433148265,
   -0.00863642431795597,
   0.9998459219932556,
   0.015283193439245224,
   -0.0026765994261950254,
   -0.015306822955608368,
   0.9998792409896851
  ],
  [
   0.9999591112136841,
   0.008607106283307076,
   0.0027609446551650763,
   -0.0086484644562006,
   0.999845027923584,
   0.015334592200815678,
   -0.002628530841320753,
   -0.015357844531536102,
   0.9998786449432373
  ],
  [
   0.9999594688415527,
   0.008595294319093227,
   0.0026681695599108934,
   -0.008635196834802628,
   0.9998453259468079,
   0.01532209012657404,
   -0.0025360588915646076,
   -0.015344510786235332,
   0.999879002571106
  ],
  [
   0.9999600648880005,
   0.008548978716135025,
   0.0025915969163179398,
   -0.008587704971432686,
   0.9998457431793213,
   0.015318778343498707,
   -0.0024602378252893686,
   -0.01534042414277792,
   0.9998792409896851
  ],
  [
   0.9999604225158691,
   0.00855135079473257,
   0.002464658347889781,
   -0.008588239550590515,
   0.9998450875282288,
   0.015366642735898495,
   -0.0023328708484768867,
   -0.015387201681733131,
   0.9998788833618164
  ],
  [
   0.9999611973762512,
   0.008503779768943787,
   0.002301786094903946,
   -0.008538231253623962,
   0.999845027923584,
   0.015395292080938816,
   -0.002170511521399021,
   -0.015414346940815449,
   0.9998787641525269
  ],
  [
   0.9999610185623169,
   0.008546260185539722,
   0.0022329287603497505,
   -0.008579740300774574,
   0.9998440146446228,
   0.015440764836966991,
   -0.0021006197202950716,
   -0.015459319576621056,
   0.9998782873153687
  ],
  [
   0.9999610185623169,
   0.008581900037825108,
   0.002056713216006756,
   -0.008612762205302715,
   0.9998428225517273,
   0.015497974120080471,
