{
 "rotation": [
  [
   1.0,
   4.115460251341574e-05,
   5.204646004131064e-05,
   -4.1181199776474386e-05,
   0.9999998807907104,
   0.0005111793871037662,
   -5.202541433391161e-05,
   -0.0005111815989948809,
   0.9999998807907104
  ],
  [
   1.0,
   9.282362589146942e-05,
   -0.00016751665680203587,
   -9.27267101360485e-05,
   0.9999998211860657,
   0.0005784580134786665,
   0.00016757032426539809,
   -0.0005784425302408636,
   0.9999998807907104
  ],
  [
   0.9999999403953552,
   0.00029686474590562284,
   -0.00034853312536142766,
   -0.00029665400506928563,
   0.9999998211860657,
   0.0006044713663868606,
   0.00034871246316470206,
   -0.0006043679895810783,
   0.9999997615814209
  ],
  [
   0.9999998211860657,
   0.0005081839044578373,
   -0.00045504773152060807,
   -0.0005079000839032233,
   0.9999996423721313,
   0.0006236413610167801,
   0.00045536449761129916,
   -0.0006234101019799709,
   0.9999997615814209
  ],
  [
   0.9999995231628418,
   0.0005972085054963827,
   -0.0007528169662691653,
   -0.0005967801553197205,
   0.9999997019767761,
   0.0005690931575372815,
   0.0007531566079705954,
   -0.0005686436197720468,
   0.9999995231628418
  ],
  [
   0.9999992251396179,
   0.000690847635269165,
   -0.0010016924934461713,
   -0.0006902602617628872,
   0.9999995231628418,
   0.0005866591236554086,
   0.0010020972695201635,
   -0.0005859672091901302,
   0.9999992847442627
  ],
  [
   0.9999987483024597,
   0.0006833342486061156,
   -0.001415555365383625,
   -0.0006824476295150816,
   0.9999995827674866,
   0.0006267405115067959,
   0.0014159830752760172,
   -0.0006257736822590232,
   0.9999988079071045
  ],
  [
   0.9999983310699463,
   0.0008732612477615476,
   -0.001580746378749609,
   -0.0008722477359697223,
   0.999999463558197,
   0.0006417926633730531,
   0.001581306103616953,
   -0.0006404127925634384,
   0.9999985694885254
  ],
  [
   0.9999977946281433,
   0.0009741854155436158,
   -0.001839802018366754,
   -0.0009729785961098969,
   0.9999993443489075,
   0.0006567423115484416,
   0.0018404406728222966,
   -0.0006549508543685079,
   0.9999980926513672
  ],
  [
   0.9999972581863403,
   0.0011819028295576572,
   -0.0020236042328178883,
   -0.0011805472895503044,
   0.9999990463256836,
   0.0006709201261401176,
   0.002024395391345024,
   -0.0006685293628834188,
   0.9999977350234985
  ],
  [
   0.9999963641166687,
   0.0012483960017561913,
   -0.0023771305568516254,
   -0.0012467569904401898,
   0.999998927116394,
   0.0006908834329806268,
   0.0023779908660799265,
   -0.0006879171705804765,
   0.9999969005584717
  ],
  [
   0.9999958276748657,
   0.0012993263080716133,
   -0.002593870973214507,
   -0.0012975487625226378,
   0.999998927116394,
   0.0006868778145872056,
   0.0025947606191039085,
   -0.0006835092790424824,
   0.9999964237213135
  ],
  [
   0.9999951720237732,
   0.0012583056231960654,
   -0.002856485079973936,
   -0.0012563018826767802,
   0.999998927116394,
   0.0007031979621388018,
   0.0028573668096214533,
   -0.0006996058509685099,
   0.9999957084655762
  ],
  [
   0.9999943971633911,
   0.0011550087947398424,
   -0.0031460358295589685,
   -0.0011525871232151985,
   0.9999990463256836,
   0.0007714129169471562,
   0.0031469238456338644,
   -0.0007677825633436441,
   0.9999947547912598
  ],
  [
   0.9999933838844299,
   0.0010867152595892549,
   -0.003456090809777379,
   -0.001083653187379241,
   0.9999989867210388,
   0.0008877487271092832,
   0.0034570524003356695,
   -0.0008839976508170366,
   0.9999935626983643
  ],
  [
   0.9999925494194031,
   0.0011498448438942432,
   -0.0036971832159906626,
   -0.0011464070994406939,
   0.9999988675117493,
   0.0009318196098320186,
   0.0036982507444918156,
   -0.000927574117667973,
   0.9999927282333374
  ],
  [
   0.9999907612800598,
   0.0013641099212691188,
   -0.004066139459609985,
   -0.0013598690275102854,
   0.9999985694885254,
   0.001045543816871941,
   0.004067559726536274,
   -0.0010400046594440937,
   0.9999911785125732
  ],
  [
   0.9999881386756897,
   0.0017482656985521317,
   -0.004536437336355448,
   -0.0017434261972084641,
   0.9999979138374329,
   0.0010705263121053576,
   0.004538299981504679,
   -0.001062604715116322,
   0.9999890327453613
  ],
  [
   0.9999837875366211,
   0.0022043578792363405,
   -0.005250388290733099,
   -0.0021978956647217274,
   0.9999968409538269,
   0.001236234325915575,
   0.005253097042441368,
   -0.0012246742844581604,
   0.9999854564666748
  ],
  [
   0.999981701374054,
   0.0019082168582826853,
   -0.005734012927860022,
   -0.0018994429847225547,
   0.999997079372406,
   0.0015351598849520087,
   0.005736925173550844,
   -0.0015242405934259295,
   0.9999823570251465
  ],
  [
   0.9999777674674988,
   0.0019612640608102083,
   -0.006366802379488945,
   -0.0019507842371240258,
   0.9999967217445374,
   0.0016517870826646686,
   0.006370021495968103,
   -0.0016393300611525774,
   0.9999783039093018
  ],
  [
   0.9999758005142212,
   0.002076417673379183,
   -0.006641064304858446,
   -0.0020640979055315256,
   0.9999961853027344,
   0.0018614201107993722,
   0.006644903216511011,
   -0.0018476672703400254,
   0.9999761581420898
  ],
  [
   0.9999709725379944,
   0.0020581758581101894,
   -0.007336215116083622,
   -0.002044821158051491,
   0.9999961853027344,
   0.0018273803871124983,
   0.007339948788285255,
   -0.00181232625618577,
   0.9999713897705078
  ],
  [
   0.999972403049469,
   0.0018495206022635102,
   -0.007188574876636267,
   -0.001837073010392487,
   0.9999967813491821,
   0.001737789367325604,
   0.007191766519099474,
   -0.001724535715766251,
   0.9999727010726929
  ],
  [
   0.9999727010726929,
   0.0018795254873111844,
   -0.007141371723264456,
   -0.0018676584586501122,
   0.9999969005584717,
   0.0016680535627529025,
   0.007144485134631395,
   -0.0016546703409403563,
   0.9999730587005615
  ],
  [
   0.9999722242355347,
   0.002253212733194232,
   -0.007107223849743605,
   -0.0022422398906201124,
   0.9999963045120239,
   0.0015514713013544679,
   0.007110693491995335,
   -0.001535492017865181,
   0.9999735355377197
  ],
  [
   0.9999717473983765,
   0.002521796151995659,
   -0.007078029215335846,
   -0.0025089378468692303,
   0.9999951720237732,
   0.00182493741158396,
   0.007082597352564335,
   -0.0018071276135742664,
   0.9999731779098511
  ],
  [
   0.9999657273292542,
   0.0024721117224544287,
   -0.007901018485426903,
   -0.002455870620906353,
   0.9999948143959045,
   0.0020646792836487293,
   0.007906082086265087,
   -0.002045204397290945,
   0.9999666213989258
  ],
  [
   0.9999632239341736,
   0.002708924002945423,
   -0.00813036784529686,
   -0.0026911739259958267,
   0.9999939203262329,
   0.0021933610551059246,
   0.008136259391903877,
   -0.002171400235965848,
   0.9999645948410034
  ],
  [
   0.9999619126319885,
   0.0027648608665913343,
   -0.008277621120214462,
   -0.0027477338444441557,
   0.9999940395355225,
   0.0020797450561076403,
   0.008283321745693684,
   -0.0020569213666021824,
   0.9999635219573975
  ],
  [
   0.9999616742134094,
   0.0025762796867638826,
   -0.008365697227418423,
   -0.0025576739571988583,
   0.9999942183494568,
   0.0022340165451169014,
   0.008371405303478241,
   -0.0022125341929495335,
   0.999962568283081
  ],
  [
   0.9999596476554871,
   0.0023480658419430256,
   -0.008667482994496822,
   -0.0023269280791282654,
   0.9999942779541016,
   0.00244805496186018,
   0.008673182688653469,
   -0.002427787519991398,
   0.9999593496322632
  ],
  [
   0.9999513626098633,
   0.003287463216111064,
   -0.009297816082835197,
   -0.0032659221906214952,
   0.9999918937683105,
   0.00233104988001287,
   0.009305404499173164,
   -0.0023005709517747164,
   0.999954104423523
  ],
  [
   0.9999502897262573,
   0.002903704298660159,
   -0.009539303369820118,
   -0.002880279440432787,
   0.9999927878379822,
   0.0024684537202119827,
   0.009546402841806412,
   -0.0024408556055277586,
   0.9999513626098633
  ],
  [
   0.9999497532844543,
   0.00263774860650301,
   -0.009674404747784138,
   -0.0026160520501434803,
   0.9999940395355225,
   0.0022546378895640373,
   0.009680293500423431,
   -0.0022292158100754023,
   0.999950647354126
  ],
  [
   0.9999457001686096,
   0.0026736713480204344,
   -0.01007162220776081,
   -0.002647720742970705,
   0.9999931454658508,
   0.0025890362448990345,
   0.010078477673232555,
   -0.0025622285902500153,
   0.999945878982544
  ],
  [
   0.9999409914016724,
   0.002069137990474701,
   -0.010663183405995369,
   -0.0020366075914353132,
   0.9999932050704956,
   0.0030606600921601057,
   0.010669444687664509,
   -0.0030387628357857466,
   0.9999384880065918
  ],
  [
   0.9999367594718933,
   0.002937788376584649,
   -0.01085467915982008,
   -0.0029059031512588263,
   0.9999914169311523,
   0.0029520858079195023,
   0.010863259434700012,
   -0.0029203565791249275,
   0.9999368190765381
  ],
  [
   0.9999366998672485,
   0.0027065856847912073,
   -0.010924064554274082,
   -0.002678382908925414,
   0.999993085861206,
   0.002595537807792425,
   0.010931014083325863,
   -0.0025661145336925983,
   0.9999369382858276
  ],
  [
   0.9999349117279053,
   0.002343933330848813,
   -0.011161824688315392,
   -0.002314365701749921,
   0.9999937415122986,
   0.0026611729990690947,
   0.01116799283772707,
   -0.002635167445987463,
   0.999934196472168
  ],
  [
   0.9999355673789978,
   0.002968761371448636,
   -0.010959739796817303,
   -0.0029384212102741003,
   0.999991774559021,
   0.002783367410302162,
   0.010967913083732128,
   -0.00275098392739892,
   0.9999361038208008
  ],
  [
   0.9999285340309143,
   0.003018139163032174,
   -0.01156668085604906,
   -0.0029866083059459925,
   0.9999917149543762,
   0.0027423419523984194,
   0.011574861593544483,
   -0.002707601059228182,
   0.9999293088912964
  ],
  [
   0.999912440776825,
   0.002852438483387232,
   -0.012922348454594612,
   -0.00280928541906178,
   0.9999904632568359,
   0.0033563217148184776,
   0.01293179951608181,
   -0.0033197253942489624,
   0.9999109506607056
  ],
  [
   0.9999139904975891,
   0.002672705100849271,
   -0.01283756922930479,
   -0.0026294090785086155,
   0.9999907612800598,
   0.0033883042633533478,
   0.01284650806337595,
   -0.003354257671162486,
   0.999911904335022
  ],
  [
   0.9999270439147949,
   0.004654233809560537,
   -0.011146302334964275,
   -0.004619639832526445,
   0.9999844431877136,
   0.00312731578014791,
   0.011160683818161488,
   -0.003075595712289214,
   0.9999328851699829
  ],
  [
   0.999923825263977,
   0.004998124670237303,
   -0.011289830319583416,
   -0.004963206127285957,
   0.9999828338623047,
   0.003118854947388172,
   0.01130522508174181,
   -0.0030625835061073303,
   0.9999314546585083
  ],
  [
   0.9999164938926697,
   0.005354566033929586,
   -0.01176431030035019,
   -0.005319148767739534,
   0.9999812841415405,
   0.00303979916498065,
   0.01178036630153656,
   -0.0029769688844680786,
   0.9999262094497681
  ],
  [
   0.9999161958694458,
   0.0056359353475272655,
   -0.011659054085612297,
   -0.005601685494184494,
   0.9999799132347107,
   0.0029682733584195375,
   0.011675548739731312,
   -0.002902714069932699,
   0.9999276399612427
  ],
  [
   0.9999085664749146,
   0.004782373551279306,
   -0.012651483528316021,
   -0.004744262900203466,
   0.9999841451644897,
   0.0030406909063458443,
   0.0126658258959651,
   -0.002980390563607216,
   0.999915361404419
  ],
  [
   0.9999122023582458,
   0.00572785921394825,
   -0.011948524974286556,
   -0.005692565813660622,
   0.9999793767929077,
   0.002985670231282711,
   0.011965380050241947,
   -0.0029173903167247772,
   0.9999241828918457
  ],
  [
   0.9999075531959534,
   0.005868816282600164,
   -0.012265440076589584,
   -0.005831852089613676,
   0.9999783039093018,
   0.003047349164262414,
   0.01228305883705616,
   -0.0029755369760096073,
   0.999920129776001
  ],
  [
   0.9999028444290161,
   0.005965604446828365,
   -0.012602854520082474,
   -0.005926826503127813,
   0.9999775290489197,
   0.0031120767816901207,
   0.01262113731354475,
   -0.003037079470232129,
   0.9999158382415771
  ],
  [
   0.9998976588249207,
   0.006069257389754057,
   -0.01295838039368391,
   -0.0060286810621619225,
   0.9999768733978271,
   0.0031680576503276825,
   0.012977308593690395,
   -0.0030896116513758898,
   0.9999110698699951
  ],
  [
   0.9998931288719177,
   0.006058480124920607,
   -0.013305352069437504,
   -0.0060163382440805435,
   0.9999767541885376,
   0.0032051075249910355,
   0.013324461877346039,
   -0.0031247155275195837,
   0.9999063014984131
  ],
  [
   0.99988853931427,
   0.006040630396455526,
   -0.013655219227075577,
   -0.00599726801738143,
   0.9999768137931824,
   0.003214277094230056,
   0.013674319721758366,
   -0.003132025245577097,
   0.9999016523361206
  ],
  [
   0.999883770942688,
   0.006049024872481823,
   -0.013994662091135979,
   -0.0060038515366613865,
   0.9999765753746033,
   0.0032676809933036566,
   0.014014101587235928,
   -0.003183279186487198,
   0.999896764755249
  ],
  [
   0.9998787045478821,
   0.006113254930824041,
   -0.014325341209769249,
   -0.006067016627639532,
   0.9999762177467346,
   0.0032690137159079313,
   0.014344987459480762,
   -0.0031817052513360977,
   0.999891996383667
  ],
  [
   0.9998743534088135,
   0.006231446284800768,
   -0.014575918205082417,
   -0.006183684337884188,
   0.999975323677063,
   0.0033195577561855316,
   0.0145962443202734,
   -0.003229008289054036,
   0.9998883008956909
  ],
  [
   0.9998725056648254,
   0.00665883207693696,
   -0.014512108638882637,
   -0.006608485244214535,
   0.9999719858169556,
   0.003514563897624612,
   0.014535106718540192,
   -0.0034182127565145493,
   0.9998884201049805
  ],
  [
   0.999868631362915,
   0.0067516230046749115,
   -0.014736429788172245,
   -0.006700100842863321,
   0.9999712109565735,
   0.0035428456030786037,
   0.014759926125407219,
   -0.0034436446148902178,
   0.9998852014541626
  ],
  [
   0.9998648166656494,
   0.0068505434319376945,
   -0.01495014876127243,
   -0.006797585636377335,
   0.9999704360961914,
   0.0035901886876672506,
   0.014974302612245083,
   -0.003488078247755766,
   0.9998817443847656
  ],
  [
   0.9998598694801331,
   0.007111510261893272,
   -0.015154039487242699,
   -0.007057536393404007,
   0.9999685287475586,
   0.0036122219171375036,
   0.015179251320660114,
   -0.0035047654528170824,
   0.9998786449432373
  ],
  [
   0.9998555183410645,
   0.0072090039029717445,
   -0.015395376831293106,
   -0.007152530364692211,
   0.9999675154685974,
   0.003720095381140709,
   0.015421695075929165,
   -0.00360944215208292,
   0.999874472618103
  ],
  [
   0.9998509883880615,
   0.007349170278757811,
   -0.015620923601090908,
   -0.0072909328155219555,
   0.9999662041664124,
   0.003781844861805439,
   0.015648189932107925,
   -0.0036673902068287134,
   0.9998708963394165
  ],
  [
   0.9998458027839661,
   0.00748780369758606,
   -0.015882086008787155,
   -0.007427380885928869,
   0.9999649524688721,
   0.0038600226398557425,
   0.0159104336053133,
   -0.0037414657417684793,
   0.9998663663864136
  ],
  [
   0.9998412132263184,
   0.00753827067092061,
   -0.016148824244737625,
   -0.007475347723811865,
   0.9999642372131348,
   0.00395326828584075,
   0.01617804914712906,
   -0.0038319225423038006,
   0.9998618364334106
  ],
  [
   0.9998366832733154,
   0.007701983209699392,
   -0.01634698361158371,
   -0.007637673523277044,
   0.9999628663063049,
   0.00399283692240715,
   0.016377128660678864,
   -0.0038673325907438993,
   0.9998583793640137
  ],
  [
   0.9998327493667603,
   0.007808434311300516,
   -0.016539914533495903,
   -0.007742356508970261,
   0.999961793422699,
   0.004055336117744446,
   0.01657094806432724,
   -0.00392660079523921,
   0.9998549222946167
  ],
  [
   0.9998281002044678,
   0.007946309633553028,
   -0.016753600910305977,
   -0.007878110744059086,
   0.9999604821205139,
   0.004132747650146484,
   0.01678577996790409,
   -0.004000050947070122,
   0.9998511075973511
  ],
  [
   0.9998226165771484,
   0.008082399144768715,
   -0.017009615898132324,
   -0.008013518527150154,
   0.999959409236908,
   0.004113766364753246,
   0.01704217679798603,
   -0.00397673062980175,
   0.9998468160629272
  ],
  [
   0.9998172521591187,
   0.008201748132705688,
   -0.017270036041736603,
   -0.008131196722388268,
   0.999958336353302,
   0.004151374101638794,
   0.017303364351391792,
   -0.0040101888589560986,
   0.9998421669006348
  ],
  [
   0.9998123645782471,
   0.008398116566240788,
   -0.017458001151680946,
   -0.00832667201757431,
   0.9999567270278931,
   0.004160922486335039,
   0.01749219186604023,
   -0.004014774225652218,
   0.9998389482498169
  ],
  [
   0.9998080730438232,
   0.008510884828865528,
   -0.01764833927154541,
   -0.008437808603048325,
   0.9999554753303528,
   0.004211069084703922,
   0.017683396115899086,
   -0.004061347339302301,
   0.9998353719711304
  ],
  [
   0.9998036623001099,
   0.008538246154785156,
   -0.017880208790302277,
   -0.008463412523269653,
   0.9999551177024841,
   0.004256763961166143,
   0.0179157517850399,
   -0.004104601219296455,
   0.999830961227417
  ],
  [
   0.9997985363006592,
   0.008589847013354301,
   -0.018138928338885307,
   -0.008513380773365498,
   0.9999545216560364,
   0.00428862264379859,
   0.018174942582845688,
   -0.0041333348490297794,
   0.9998262524604797
  ],
  [
   0.9997943639755249,
   0.008644991554319859,
   -0.01834321953356266,
   -0.00856861937791109,
   0.999954342842102,
   0.004237966611981392,
   0.01837901771068573,
   -0.004079918842762709,
   0.9998227953910828
  ],
  [
   0.9997906684875488,
   0.008739611133933067,
   -0.018498534336686134,
   -0.00866159237921238,
   0.9999532699584961,
   0.004293553531169891,
   0.018535191193223,
   -0.004132427740842104,
   0.9998196959495544
  ],
  [
   0.9997862577438354,
   0.008862077258527279,
   -0.0186797846108675,
   -0.008783441968262196,
   0.9999521374702454,
   0.004287562798708677,
   0.018716886639595032,
   -0.004122573882341385,
   0.999816358089447
  ],
  [
   0.9997817277908325,
   0.009082135744392872,
   -0.018814286217093468,
   -0.00900276005268097,
   0.9999501705169678,
   0.004299283493310213,
   0.018852395936846733,
   -0.004128964617848396,
   0.9998137354850769
  ],
  [
   0.9997768402099609,
   0.009212357923388481,
   -0.019008079543709755,
   -0.009131526574492455,
   0.9999489188194275,
   0.004334818571805954,
   0.01904704049229622,
   -0.0041602784767746925,
   0.9998100399971008
  ],
  [
   0.9997729063034058,
   0.009270768612623215,
   -0.01919022761285305,
   -0.00918839406222105,
   0.999948263168335,
   0.004376254044473171,
   0.01922980509698391,
   -0.004198932088911533,
   0.9998063445091248
  ],
  [
   0.9997667670249939,
   0.00941004790365696,
   -0.019438646733760834,
   -0.00932593084871769,
   0.9999467730522156,
   0.004413375165313482,
   0.019479144364595413,
   -0.00423106225207448,
   0.9998012185096741
  ],
  [
   0.9997613430023193,
   0.009550780057907104,
   -0.019650034606456757,
   -0.009465320967137814,
   0.999945342540741,
   0.004437464755028486,
   0.0196913443505764,
   -0.004250411409884691,
   0.9997971653938293
  ],
  [
   0.9997565746307373,
   0.009572969749569893,
   -0.019877614453434944,
   -0.009486325085163116,
   0.9999451637268066,
   0.0044486322440207005,
   0.01991911046206951,
   -0.004258983768522739,
   0.9997925162315369
  ],
  [
   0.9997518658638,
   0.009639623574912548,
   -0.02008291892707348,
   -0.009551165625452995,
   0.999944269657135,
   0.004495883360505104,
   0.020125139504671097,
   -0.0043029519729316235,
   0.999788224697113
  ],
  [
   0.9997478127479553,
   0.00966226402670145,
   -0.02026968076825142,
   -0.009573292918503284,
   0.9999440908432007,
   0.0044818758033216,
   0.020311852917075157,
   -0.0042866976000368595,
   0.999784529209137
  ],
  [
   0.9997434616088867,
   0.009745338000357151,
   -0.020445965230464935,
   -0.00965610146522522,
   0.9999434351921082,
   0.004458754323422909,
   0.020488260313868523,
   -0.0042601823806762695,
   0.99978107213974
  ],
  [
   0.999740719795227,
   0.00979352742433548,
   -0.020557142794132233,
   -0.009701259434223175,
   0.9999424815177917,
   0.004583253990858793,
   0.02060084603726864,
   -0.004382635932415724,
   0.9997782111167908
  ],
  [
   0.9997366666793823,
   0.009872863069176674,
   -0.020717205479741096,
   -0.009778887964785099,
   0.9999414682388306,
   0.004632527008652687,
   0.020761726424098015,
   -0.0044287159107625484,
   0.9997746348381042
  ],
  [
   0.9997328519821167,
   0.009897482581436634,
   -0.020886799320578575,
   -0.009802492335438728,
   0.9999411106109619,
   0.004645320121198893,
   0.02093154937028885,
   -0.004439336247742176,
   0.9997710585594177
  ],
  [
   0.9997296929359436,
   0.009933749213814735,
   -0.021022235974669456,
   -0.009837894700467587,
   0.9999407529830933,
   0.004658207762986422,
   0.021067267283797264,
   -0.004450134001672268,
   0.9997681975364685
  ],
  [
   0.9997260570526123,
   0.010054855607450008,
   -0.02113514393568039,
   -0.009958687238395214,
   0.9999395608901978,
   0.004650501534342766,
   0.02118062973022461,
   -0.004438748583197594,
   0.9997658133506775
  ],
  [
   0.9997221827507019,
   0.010109174065291882,
   -0.021292127668857574,
   -0.010012206621468067,
   0.9999390244483948,
   0.00465577794238925,
   0.02133789286017418,
   -0.004441303666681051,
   0.9997623562812805
  ],
  [
   0.9997193813323975,
   0.010164523497223854,
   -0.021397756412625313,
   -0.010065926238894463,
   0.9999381899833679,
   0.004710557404905558,
   0.02144431695342064,
   -0.004493847489356995,
   0.9997598528862
  ],
  [
   0.9997157454490662,
   0.01023157313466072,
   -0.021536042913794518,
   -0.010131843388080597,
   0.9999374747276306,
   0.004734852816909552,
   0.021583138033747673,
   -0.004515307489782572,
   0.9997568726539612
  ],
  [
   0.9997137188911438,
   0.010281505063176155,
   -0.021607184782624245,
   -0.010181569494307041,
   0.9999369382858276,
   0.0047300709411501884,
   0.021654456853866577,
   -0.004508721176534891,
   0.999755322933197
  ],
  [
   0.9997111558914185,
   0.010356578044593334,
   -0.021689677610993385,
   -0.010256960056722164,
   0.9999364018440247,
   0.004699081182479858,
   0.021736962720751762,
   -0.004475253634154797,
   0.9997536540031433
  ],
  [
   0.999708890914917,
   0.010410609655082226,
   -0.021767767146229744,
   -0.010310976766049862,
   0.9999358654022217,
   0.0046843052841722965,
   0.021815136075019836,
   -0.004458494018763304,
   0.9997521042823792
  ],
  [
   0.9997065663337708,
   0.010467364452779293,
   -0.021845975890755653,
   -0.010368924587965012,
   0.9999356269836426,
   0.004614522680640221,
   0.021892869845032692,
   -0.004386649001389742,
   0.9997506737709045
  ],
  [
   0.9997051954269409,
   0.010554876178503036,
   -0.021870188415050507,
   -0.010456783697009087,
   0.999934732913971,
   0.004594805184751749,
   0.021917257457971573,
   -0.004364758264273405,
   0.9997503161430359
  ],
  [
   0.999704122543335,
   0.010612204670906067,
   -0.021887095645070076,
   -0.010514914058148861,
   0.9999343752861023,
   0.004555475432425737,
   0.02193400263786316,
   -0.004323986824601889,
   0.9997500777244568
  ],
  [
   0.9997026324272156,
   0.010705076158046722,
   -0.021912408992648125,
   -0.01060821209102869,
   0.9999334216117859,
   0.004531980026513338,
   0.021959466859698296,
   -0.004298180341720581,
   0.9997497200965881
  ],
  [
   0.9997003674507141,
   0.010758954100310802,
   -0.021984586492180824,
   -0.010659385472536087,
   0.9999324679374695,
   0.0046411859802901745,
   0.02203303575515747,
   -0.004405452869832516,
   0.9997474551200867
  ],
  [
   0.9996996521949768,
   0.01077132485806942,
   -0.02201269380748272,
   -0.010672084055840969,
   0.9999324083328247,
   0.004620840307325125,
   0.022060977295041084,
   -0.004384531639516354,
   0.9997469782829285
  ],
  [
   0.9996992945671082,
   0.010852668434381485,
   -0.021989449858665466,
   -0.010756350122392178,
   0.9999319911003113,
   0.004493810702115297,
   0.022036729380488396,
   -0.004255933221429586,
   0.9997480511665344
  ],
  [
   0.9996981620788574,
   0.01092179212719202,
   -0.022008266299962997,
   -0.010826049372553825,
   0.9999313950538635,
   0.004464761819690466,
   0.02205551788210869,
   -0.00422515207901597,
   0.9997478127479553
  ],
  [
   0.999697744846344,
   0.010945100337266922,
   -0.022012051194906235,
   -0.01084950566291809,
   0.9999312162399292,
   0.004457663744688034,
   0.022059330716729164,
   -0.004217495676130056,
   0.9997478127479553
  ],
  [
   0.9996975660324097,
   0.010982171632349491,
   -0.022000819444656372,
   -0.010887043550610542,
   0.9999309182167053,
   0.0044389753602445126,
   0.022048046812415123,
   -0.004198109265416861,
   0.999748170375824
  ],
  [
   0.9996976256370544,
   0.01103249378502369,
   -0.02197558991611004,
   -0.01093828584998846,
   0.9999304413795471,
   0.00440256716683507,
   0.022022634744644165,
   -0.0041608610190451145,
   0.9997487664222717
  ],
  [
   0.9996981620788574,
   0.011010099202394485,
   -0.021963275969028473,
   -0.010916863568127155,
   0.9999309182167053,
   0.0043605612590909,
   0.022009771317243576,
   -0.004119474440813065,
   0.9997492432594299
  ],
  [
   0.9996985793113708,
   0.011040488258004189,
   -0.021928006783127785,
   -0.010948103852570057,
   0.9999306797981262,
   0.004328677896410227,
   0.02197427675127983,
   -0.004087303299456835,
   0.9997501969337463
  ],
  [
   0.9996994733810425,
   0.011096971109509468,
   -0.021857669577002525,
   -0.011005999520421028,
   0.9999302625656128,
   0.004277867265045643,
   0.021903617307543755,
   -0.004036016762256622,
   0.9997519850730896
  ],
  [
   0.999701201915741,
   0.011138460598886013,
   -0.021760744974017143,
   -0.011048678308725357,
   0.9999299645423889,
   0.004241877235472202,
   0.021806471049785614,
   -0.004000181797891855,
   0.9997542500495911
  ],
  [
   0.9997012615203857,
   0.011165362782776356,
   -0.021744122728705406,
   -0.011077165603637695,
   0.9999299645423889,
   0.0041723973117768764,
   0.02178918570280075,
   -0.003930286969989538,
   0.9997548460960388
  ],
  [
   0.9997029304504395,
   0.01126969512552023,
   -0.021613534539937973,
   -0.011184589006006718,
   0.9999292492866516,
   0.004054484888911247,
   0.02165769785642624,
   -0.003811541711911559,
   0.9997581839561462
  ],
  [
   0.9997047781944275,
   0.011307773180305958,
   -0.021508121863007545,
   -0.011225128546357155,
   0.9999291300773621,
   0.003959381487220526,
   0.02155137248337269,
   -0.0037167801056057215,
   0.9997608065605164
  ],
  [
   0.9997069835662842,
   0.011314009316265583,
   -0.021401463076472282,
   -0.011232096701860428,
   0.9999291300773621,
   0.003943729680031538,
   0.021444568410515785,
   -0.0037021907046437263,
   0.9997630715370178
  ],
  [
   0.9997079372406006,
   0.011252484284341335,
   -0.021386904641985893,
   -0.011171022430062294,
   0.9999298453330994,
   0.003924592863768339,
   0.02142956852912903,
   -0.003684532828629017,
   0.9997636675834656
  ],
  [
   0.999710202217102,
   0.011269119568169117,
   -0.02127240225672722,
   -0.011189755983650684,
   0.9999299645423889,
   0.003846119623631239,
   0.02131425403058529,
   -0.0036069718189537525,
   0.9997664093971252
  ],
  [
   0.9997126460075378,
   0.011283605359494686,
   -0.021151628345251083,
   -0.011206039227545261,
   0.9999300837516785,
   0.003782152896746993,
   0.021192822605371475,
   -0.0035440402571111917,
   0.9997690320014954
  ],
  [
   0.9997164011001587,
   0.011231578886508942,
   -0.020999787375330925,
   -0.011155171319842339,
   0.9999307990074158,
   0.0037521161139011383,
   0.021040476858615875,
   -0.003516795812174678,
   0.9997723698616028
  ],
  [
   0.9997197985649109,
   0.011234777979552746,
   -0.020834801718592644,
   -0.011160403490066528,
   0.9999309182167053,
   0.003682592650875449,
   0.020874734967947006,
   -0.003449036041274667,
   0.9997761845588684
  ],
  [
   0.9997230768203735,
   0.011256956495344639,
   -0.020665492862462997,
   -0.011183364316821098,
   0.999930739402771,
   0.0036732887383550406,
   0.020705414935946465,
   -0.003441161708906293,
   0.9997797608375549
  ],
  [
   0.9997268915176392,
   0.011236703023314476,
   -0.020493900403380394,
   -0.011164718307554722,
   0.9999310970306396,
   0.003623507684096694,
   0.020533200353384018,
   -0.003393708961084485,
   0.999783456325531
  ],
  [
   0.9997308850288391,
   0.011223005130887032,
   -0.02030106820166111,
   -0.011152458377182484,
   0.9999313354492188,
   0.0035849683918058872,
   0.020339911803603172,
   -0.0033575971610844135,
   0.9997875094413757
  ],
  [
   0.9997353553771973,
   0.011138751171529293,
   -0.020126616582274437,
   -0.011069647036492825,
   0.9999324679374695,
   0.0035416283644735813,
   0.02016470581293106,
   -0.003317896742373705,
   0.9997912049293518
  ],
  [
   0.9997415542602539,
   0.011033838614821434,
   -0.019878612831234932,
   -0.01096685603260994,
   0.9999338388442993,
   0.0034754371736198664,
   0.019915642216801643,
   -0.0032565328292548656,
   0.999796450138092
  ],
  [
   0.9997468590736389,
   0.01106288656592369,
   -0.019593531265854836,
   -0.010997830890119076,
   0.9999337196350098,
   0.0034249299205839634,
   0.01963012106716633,
   -0.0032085764687508345,
   0.9998021721839905
  ],
  [
   0.9997518062591553,
   0.011044425889849663,
   -0.0193474143743515,
   -0.010980912484228611,
   0.9999339580535889,
   0.0033860185649245977,
   0.019383534789085388,
   -0.003172725671902299,
   0.9998071789741516
  ],
  [
   0.999756395816803,
   0.011113744229078293,
   -0.019069500267505646,
   -0.01105224434286356,
   0.9999333620071411,
   0.003327425569295883,
   0.0191052109003067,
   -0.0031158539932221174,
   0.999812662601471
  ],
  [
   0.9997613430023193,
   0.011186361312866211,
   -0.018762817606329918,
   -0.011127964593470097,
   0.9999328851699829,
   0.003213892225176096,
   0.018797509372234344,
   -0.0030043330043554306,
   0.9998188614845276
  ],
  [
   0.9997674226760864,
   0.011189920827746391,
   -0.01843402162194252,
   -0.01113458164036274,
   0.9999331831932068,
   0.0031019796151667833,
   0.018467500805854797,
   -0.00289600295946002,
   0.9998254179954529
  ],
  [
   0.9997733235359192,
   0.011178047396242619,
   -0.018122844398021698,
   -0.01112490613013506,
   0.9999334812164307,
   0.003030511550605297,
   0.01815551333129406,
   -0.002828209428116679,
   0.9998310804367065
  ],
  [
   0.9997800588607788,
   0.011106039397418499,
   -0.017791885882616043,
   -0.011056352406740189,
   0.9999346733093262,
   0.002888547722250223,
   0.017822803929448128,
   -0.0026911988388746977,
   0.9998375177383423
  ],
  [
   0.9997861385345459,
   0.011015479452908039,
   -0.017504442483186722,
   -0.010968022979795933,
   0.9999359250068665,
   0.0028048851527273655,
   0.017534218728542328,
   -0.0026122962590306997,
   0.9998428821563721
  ],
  [
   0.9997893571853638,
   0.011040981858968735,
   -0.017298640683293343,
   -0.010996379889547825,
   0.9999359250068665,
   0.002671342110261321,
   0.017327027395367622,
   -0.002480557421222329,
   0.9998466968536377
  ],
  [
   0.9997949004173279,
   0.011062286794185638,
   -0.016962019726634026,
   -0.011020650155842304,
   0.999936044216156,
   0.0025461672339588404,
   0.016989098861813545,
   -0.0023587129544466734,
   0.9998528957366943
  ],
  [
   0.9998025298118591,
   0.011025507003068924,
   -0.016535455361008644,
   -0.010987038724124432,
   0.9999367594718933,
   0.0024154288694262505,
   0.01656104065477848,
   -0.002233276143670082,
   0.999860405921936
  ],
  [
   0.9998093247413635,
   0.010916711762547493,
   -0.01619008183479309,
   -0.010881154797971249,
   0.9999381899833679,
   0.0022826811764389277,
   0.016214000061154366,
   -0.0021060791332274675,
   0.9998663663864136
  ],
  [
   0.9998149275779724,
   0.010910616256296635,
   -0.01584227755665779,
   -0.010877475142478943,
   0.999938428401947,
   0.0021766191348433495,
   0.015865052118897438,
   -0.0020038923248648643,
   0.999872088432312
  ],
  [
   0.9998199343681335,
   0.01085914857685566,
   -0.015558630228042603,
   -0.01082763634622097,
   0.9999391436576843,
   0.0021081778686493635,
   0.015580576844513416,
   -0.001939335372298956,
   0.9998767375946045
  ],
  [
   0.9998260140419006,
   0.010714247822761536,
   -0.015266231261193752,
   -0.01068578939884901,
   0.9999409914016724,
   0.0019445414654910564,
   0.015286164358258247,
   -0.0017810715362429619,
   0.9998816251754761
  ],
  [
   0.9998344779014587,
   0.010613364167511463,
   -0.014778644777834415,
   -0.010587516240775585,
   0.9999422430992126,
   0.0018262355588376522,
   0.014797174371778965,
   -0.0016694639343768358,
   0.9998890161514282
  ],
  [
   0.9998411536216736,
   0.010573620907962322,
   -0.014349802397191525,
   -0.010549944825470448,
   0.9999428987503052,
   0.0017246631905436516,
   0.014367218129336834,
   -0.001572999288327992,
   0.999895453453064
  ],
  [
   0.9998478293418884,
   0.010446739383041859,
   -0.013975073583424091,
   -0.010425126180052757,
   0.9999443292617798,
   0.0016185690183192492,
   0.013991205021739006,
   -0.0014726307708770037,
   0.9999010562896729
  ],
  [
   0.999853253364563,
   0.010439499281346798,
   -0.0135822594165802,
   -0.010419686324894428,
   0.9999444484710693,
   0.0015285894041880965,
   0.013597463257610798,
   -0.0013868423411622643,
   0.9999065399169922
  ],
  [
   0.9998593330383301,
   0.010298552922904491,
   -0.013239942491054535,
   -0.010280911810696125,
   0.999946117401123,
   0.0013998711947351694,
   0.013253646902740002,
   -0.0012635554885491729,
   0.9999113082885742
  ],
  [
   0.9998652935028076,
   0.010224655270576477,
   -0.012839602306485176,
   -0.010209412313997746,
   0.9999470710754395,
   0.0012521996395662427,
   0.01285172626376152,
   -0.0011209461372345686,
   0.9999167919158936
  ],
  [
   0.9998721480369568,
   0.010152834467589855,
   -0.012354107573628426,
   -0.01013883762061596,
   0.9999478459358215,
   0.001195117481984198,
   0.012365598231554031,
   -0.0010697083780542016,
   0.9999228715896606
  ],
  [
   0.9998783469200134,
   0.010154057294130325,
   -0.011839937418699265,
   -0.01014148723334074,
   0.9999479651451111,
   0.001121316570788622,
   0.011850706301629543,
   -0.0010011055273935199,
   0.9999293088912964
  ],
  [
   0.9998843669891357,
   0.010206994600594044,
   -0.01127275824546814,
   -0.010196656920015812,
   0.9999475479125977,
   0.0009741468820720911,
   0.011282109655439854,
   -0.0008590897778049111,
   0.9999359846115112
  ],
  [
   0.9998905658721924,
   0.010106455534696579,
   -0.010799752548336983,
   -0.01009806152433157,
   0.9999486207962036,
   0.0008315661107189953,
   0.010807603597640991,
   -0.0007224184810183942,
   0.999941349029541
  ],
  [
   0.9998964071273804,
   0.010160618461668491,
   -0.010194752365350723,
   -0.010153531096875668,
   0.9999481439590454,
   0.0007467147661373019,
   0.010201810859143734,
   -0.0006431246874853969,
   0.9999477863311768
  ],
  [
   0.999902069568634,
   0.010134619660675526,
   -0.009655865840613842,
   -0.010128707624971867,
   0.9999485015869141,
   0.0006609790143556893,
   0.009662068448960781,
   -0.00056311278603971,
   0.9999531507492065
  ],
  [
   0.9999077320098877,
   0.010081025771796703,
   -0.009106360375881195,
   -0.010076028294861317,
   0.999949038028717,
   0.0005946424207650125,
   0.009111891500651836,
   -0.0005028315936215222,
   0.9999582767486572
  ],
  [
   0.999914288520813,
   0.009927375242114067,
   -0.008538654074072838,
   -0.009924148209393024,
   0.999950647354126,
   0.0004201323608867824,
   0.00854240357875824,
   -0.00033535753027535975,
   0.9999635219573975
  ],
  [
   0.9999198317527771,
   0.009857521392405033,
   -0.007943249307572842,
   -0.00985539797693491,
   0.9999514222145081,
   0.00030655303271487355,
   0.007945884950459003,
   -0.00022824460756964982,
   0.999968409538269
  ],
  [
   0.9999263286590576,
   0.009645327925682068,
   -0.007372708525508642,
   -0.009644179604947567,
   0.9999535083770752,
   0.00019125612743664533,
   0.007374210748821497,
   -0.00012013827654300258,
   0.9999728202819824
  ],
  [
   0.9999315738677979,
   0.009471019729971886,
   -0.00686053978279233,
   -0.009470973163843155,
   0.9999550580978394,
   3.950230166083202e-05,
   0.006860606838017702,
   2.5476396331214346e-05,
   0.9999765157699585
  ],
  [
   0.9999348521232605,
   0.009528446942567825,
   -0.0062834639102220535,
   -0.009530349634587765,
   0.9999545812606812,
   -0.00027304969262331724,
   0.0062805768102407455,
   0.00033291554427705705,
   0.9999802112579346
  ],
  [
   0.9999387264251709,
   0.00948910228908062,
   -0.005692766513675451,
   -0.009491944685578346,
   0.9999548196792603,
   -0.0004724650061689317,
   0.005688026547431946,
   0.0005264714709483087,
   0.9999836683273315
  ],
  [
   0.999943733215332,
   0.009329123422503471,
   -0.0050431182608008385,
   -0.00933235976845026,
   0.9999563097953796,
   -0.0006184256635606289,
   0.005037128459662199,
   0.0006654550670646131,
   0.9999871253967285
  ],
  [
   0.9999464154243469,
   0.009376504458487034,
   -0.004390203393995762,
   -0.009379874914884567,
   0.9999557733535767,
   -0.0007474267040379345,
   0.00438300147652626,
   0.0007885661325417459,
   0.9999901056289673
  ],
  [
   0.999950110912323,
   0.00930112972855568,
   -0.0036447360180318356,
   -0.009304171428084373,
   0.9999563694000244,
   -0.0008180170552805066,
   0.003636969020590186,
   0.0008518874528817832,
   0.9999929666519165
  ],
  [
   0.999954104423523,
   0.00911580491811037,
   -0.002933347597718239,
   -0.009118597023189068,
   0.9999579787254333,
   -0.0009400888229720294,
   0.0029246548656374216,
   0.0009667937993071973,
   0.999995231628418
  ],
  [
   0.9999555945396423,
   0.009124522097408772,
   -0.0023546998854726553,
   -0.009127624332904816,
   0.9999575018882751,
   -0.0013101280201226473,
   0.002342645777389407,
   0.001331562758423388,
   0.9999963045120239
  ],
  [
   0.9999583959579468,
   0.008989685215055943,
   -0.0015739433001726866,
   -0.008991825394332409,
   0.9999586939811707,
   -0.0013578354846686125,
   0.0015616718446835876,
   0.001371931517496705,
   0.9999977350234985
  ],
  [
   0.9999595880508423,
   0.008952830918133259,
   -0.0008581137517467141,
   -0.008954054675996304,
   0.9999589323997498,
   -0.0014321935595944524,
   0.0008452563197351992,
   0.001439819228835404,
   0.9999985694885254
  ],
  [
   0.9999603629112244,
   0.008899781852960587,
   -0.00038212488288991153,
   -0.008900433778762817,
   0.9999588131904602,
   -0.0017407150007784367,
   0.0003666171687655151,
   0.0017440468072891235,
   0.9999984502792358
  ],
  [
   0.9999630451202393,
   0.008594650775194168,
   0.00025062725762836635,
   -0.00859418511390686,
   0.9999614357948303,
   -0.0018070440273731947,
   -0.0002661485050339252,
   0.001804823288694024,
   0.9999983310699463
  ],
  [
   0.9999618530273438,
   0.008681247010827065,
   0.0010027264943346381,
   -0.008679291233420372,
   0.9999604821205139,
   -0.0019403970800340176,
   -0.001019531860947609,
   0.0019316199468448758,
   0.999997615814209
  ],
  [
   0.9999629259109497,
   0.0084679638966918,
   0.0015726450365036726,
   -0.008464721962809563,
   0.9999620914459229,
   -0.002056397031992674,
   -0.001589998952113092,
   0.0020430085714906454,
   0.9999966621398926
  ],
  [
   0.9999622106552124,
   0.008368871174752712,
   0.0023379353806376457,
   -0.008363809436559677,
   0.9999626874923706,
   -0.0021671312861144543,
   -0.0023559846449643373,
   0.002147495746612549,
   0.9999948740005493
  ],
  [
   0.9999628663063049,
   0.00809057429432869,
   0.0029736210126429796,
   -0.008083697408437729,
   0.9999646544456482,
