{
 "rotation": [
  [
   1.0,
   -0.00014557754911947995,
   -0.00012644512753468007,
   0.0001455860328860581,
   1.0,
   6.702375685563311e-05,
   0.0001264353486476466,
   -6.7042165028397e-05,
   1.0
  ],
  [
   1.0,
   -0.00016887376841623336,
   -0.00022491143317893147,
   0.0001688793272478506,
   1.0,
   2.4696815671632066e-05,
   0.00022490725677926093,
   -2.4734797989367507e-05,
   1.0
  ],
  [
   0.9999999403953552,
   -0.00019831825920846313,
   -0.0003764259454328567,
   0.00019831534882541746,
   1.0,
   -7.807700967532583e-06,
   0.00037642751703970134,
   7.733048732916359e-06,
   0.9999998807907104
  ],
  [
   0.9999998807907104,
   -0.0001798473094822839,
   -0.00037307851016521454,
   0.00017984370060730726,
   1.0,
   -9.752463483891916e-06,
   0.0003730802854988724,
   9.685367331258021e-06,
   0.9999998807907104
  ],
  [
   0.9999998211860657,
   -0.00027959313592873514,
   -0.0006074088159948587,
   0.00027959540602751076,
   1.0,
   3.7023048662376823e-06,
   0.0006074077100493014,
   -3.872132765536662e-06,
   0.9999997615814209
  ],
  [
   0.9999997615814209,
   -0.00027307745767757297,
   -0.0006275269552133977,
   0.0002730686101131141,
   1.0,
   -1.418116607965203e-05,
   0.0006275308551266789,
   1.4009805454406887e-05,
   0.9999997615814209
  ],
  [
   0.9999998211860657,
   -0.0002865087299142033,
   -0.0006197520415298641,
   0.0002865226415451616,
   1.0,
   2.2348283891915344e-05,
   0.0006197455804795027,
   -2.252585363748949e-05,
   0.9999997615814209
  ],
  [
   0.9999997019767761,
   -0.00031338364351540804,
   -0.0006242547533474863,
   0.00031341970316134393,
   1.0,
   5.7690129324328154e-05,
   0.0006242366507649422,
   -5.788576527265832e-05,
   0.9999997615814209
  ],
  [
   0.9999998211860657,
   -0.00033285500830970705,
   -0.0005672447150573134,
   0.0003329239261802286,
   1.0,
   0.00012142265768488869,
   0.0005672042607329786,
   -0.00012161147606093436,
   0.9999998807907104
  ],
  [
   0.9999997615814209,
   -0.00030414178036153316,
   -0.0005666459910571575,
   0.0003042035677935928,
   1.0,
   0.00010898338223341852,
   0.0005666128126904368,
   -0.0001091557351173833,
   0.9999998807907104
  ],
  [
   0.9999998211860657,
   -0.00018200026534032077,
   -0.0005373978638090193,
   0.00018206304230261594,
   1.0,
   0.00011676181020447984,
   0.0005373766762204468,
   -0.00011685963545460254,
   0.9999998807907104
  ],
  [
   0.9999998807907104,
   -0.00012162863276898861,
   -0.0004978086217306554,
   0.00012171194248367101,
   1.0,
   0.00016734228120185435,
   0.0004977882490493357,
   -0.00016740286082495004,
   0.9999998807907104
  ],
  [
   0.9999998211860657,
   -0.0001491832226747647,
   -0.0006008272175677121,
   0.00014929402095731348,
   0.9999999403953552,
   0.00018435908714309335,
   0.0006007996271364391,
   -0.00018444874149281532,
   0.9999997615814209
  ],
  [
   0.9999998211860657,
   5.2254450565669686e-05,
   -0.0005859286175109446,
   -5.212850373936817e-05,
   0.9999999403953552,
   0.00021496502449736,
   0.0005859399097971618,
   -0.0002149344509234652,
   0.9999998807907104
  ],
  [
   0.9999998211860657,
   0.00029641579021699727,
   -0.000549908319953829,
   -0.0002962878788821399,
   0.9999999403953552,
   0.0002326537942280993,
   0.0005499772378243506,
   -0.00023249081277754158,
   0.9999998807907104
  ],
  [
   0.9999998211860657,
   0.00027264581876806915,
   -0.0005966996541246772,
   -0.0002724842925090343,
   0.9999999403953552,
   0.0002707811654545367,
   0.0005967734614387155,
   -0.00027061847504228354,
   0.9999997615814209
  ],
  [
   0.9999997615814209,
   0.0003299385425634682,
   -0.0005906031583435833,
   -0.0003297888906672597,
   0.9999999403953552,
   0.0002534669474698603,
   0.0005906867445446551,
   -0.00025327212642878294,
   0.9999997615814209
  ],
  [
   0.9999997019767761,
   -5.464123751153238e-05,
   -0.0007574719493277371,
   5.487922680913471e-05,
   0.9999999403953552,
   0.00031416743877343833,
   0.0007574548362754285,
   -0.0003142088826280087,
   0.9999996423721313
  ],
  [
   0.9999997019767761,
   -4.396006988827139e-05,
   -0.0008218989241868258,
   4.4199648982612416e-05,
   1.0,
   0.00029148190515115857,
   0.0008218860602937639,
   -0.0002915181394200772,
   0.9999995231628418
  ],
  [
   0.9999995231628418,
   -0.00017644242325332016,
   -0.00090425816597417,
   0.00017670985835138708,
   0.9999999403953552,
   0.0002956592361442745,
   0.0009042060119099915,
   -0.0002958188997581601,
   0.9999995231628418
  ],
  [
   0.9999995827674866,
   -0.00020455699996091425,
   -0.0008665686473250389,
   0.0002048344031209126,
   0.9999998807907104,
   0.00032002475927583873,
   0.0008665032219141722,
   -0.0003202021471224725,
   0.9999995231628418
  ],
  [
   0.999999463558197,
   -0.00024563673650845885,
   -0.0009658958297222853,
   0.00024598208256065845,
   0.9999999403953552,
   0.0003573955036699772,
   0.0009658079943619668,
   -0.00035763290361501276,
   0.9999995231628418
  ],
  [
   0.999999463558197,
   -0.00021772494073957205,
   -0.0010169503511860967,
   0.00021807818848174065,
   0.9999998807907104,
   0.0003472323005553335,
   0.0010168746812269092,
   -0.0003474538680166006,
   0.9999994039535522
  ],
  [
   0.9999994039535522,
   -0.00015337392687797546,
   -0.0010893456637859344,
   0.0001537207281216979,
   0.9999999403953552,
   0.00031826450140215456,
   0.0010892967693507671,
   -0.00031843173201195896,
   0.9999994039535522
  ],
  [
   0.9999993443489075,
   -0.0001983507099794224,
   -0.0011544486042112112,
   0.0001987709110835567,
   0.9999998807907104,
   0.0003638983762357384,
   0.0011543763102963567,
   -0.00036412759800441563,
   0.9999992847442627
  ],
  [
   0.9999992251396179,
   -0.00023011751181911677,
   -0.0011939513497054577,
   0.0002306366222910583,
   0.9999998807907104,
   0.00043467170326039195,
   0.0011938511161133647,
   -0.00043494682176969945,
   0.9999991655349731
  ],
  [
   0.9999991655349731,
   -0.0003880645672325045,
   -0.001194019103422761,
   0.00038858604966662824,
   0.9999998211860657,
   0.0004365350177977234,
   0.0011938494862988591,
   -0.00043699867092072964,
   0.9999991655349731
  ],
  [
   0.9999990463256836,
   -0.000610624672845006,
   -0.0012430503265932202,
   0.0006112214759923518,
   0.9999996423721313,
   0.0004798220470547676,
   0.0012427569599822164,
   -0.0004805813659913838,
   0.9999991655349731
  ],
  [
   0.9999990463256836,
   -0.0006668627611361444,
   -0.001235614879988134,
   0.0006675021140836179,
   0.9999996423721313,
   0.00051709363469854,
   0.0012352695921435952,
   -0.0005179179715923965,
   0.9999991655349731
  ],
  [
   0.9999989867210388,
   -0.0006888717180117965,
   -0.0012555066496133804,
   0.0006895291735418141,
   0.9999995827674866,
   0.0005231986287981272,
   0.0012551458785310388,
   -0.000524063769262284,
   0.9999991655349731
  ],
  [
   0.999998927116394,
   -0.0007512235315516591,
   -0.001290846848860383,
   0.0007519589853473008,
   0.9999995827674866,
   0.0005693964194506407,
   0.0012904185568913817,
   -0.0005703665083274245,
   0.9999990463256836
  ],
  [
   0.9999987483024597,
   -0.0008600889705121517,
   -0.0013432829873636365,
   0.000860923551954329,
   0.9999994039535522,
   0.0006208379054442048,
   0.001342748524621129,
   -0.0006219936185516417,
   0.999998927116394
  ],
  [
   0.9999985694885254,
   -0.0009214899619109929,
   -0.0013971340376883745,
   0.0009224011446349323,
   0.9999993443489075,
   0.0006516696885228157,
   0.0013965327525511384,
   -0.0006529575330205262,
   0.9999988079071045
  ],
  [
   0.9999985694885254,
   -0.0009453626698814332,
   -0.0014000387163832784,
   0.0009463169262744486,
   0.9999992847442627,
   0.0006810931954532862,
   0.0013993940083310008,
   -0.000682417128700763,
   0.9999988079071045
  ],
  [
   0.9999985694885254,
   -0.0009589155670255423,
   -0.0014061658876016736,
   0.000959938217420131,
   0.9999992251396179,
   0.0007267926703207195,
   0.0014054679777473211,
   -0.0007281414582394063,
   0.9999988079071045
  ],
  [
   0.9999985098838806,
   -0.0010127640562132,
   -0.001430531032383442,
   0.0010138822253793478,
   0.9999991655349731,
   0.0007810707320459187,
   0.0014297389425337315,
   -0.0007825199863873422,
   0.9999986886978149
  ],
  [
   0.9999983310699463,
   -0.001079368987120688,
   -0.0014462778344750404,
   0.0010805724887177348,
   0.9999990463256836,
   0.0008314882288686931,
   0.0014453789917752147,
   -0.0008330496493726969,
   0.9999985694885254
  ],
  [
   0.9999983310699463,
   -0.0010555994231253862,
   -0.0014760337071493268,
   0.0010569073492661119,
   0.9999991059303284,
   0.0008855877676978707,
   0.0014750974951311946,
   -0.0008871463360264897,
   0.9999984502792358
  ],
  [
   0.9999983906745911,
   -0.0010642301058396697,
   -0.0014197292039170861,
   0.0010655538644641638,
   0.9999989867210388,
   0.0009319219388999045,
   0.0014187360648065805,
   -0.0009334333008155227,
   0.9999985694885254
  ],
  [
   0.9999985098838806,
   -0.0010405570501461625,
   -0.0014081140980124474,
   0.0010418853489682078,
   0.9999989867210388,
   0.0009428938501514494,
   0.001407131552696228,
   -0.0009443595190532506,
   0.9999985694885254
  ],
  [
   0.9999985098838806,
   -0.0009995757136493921,
   -0.0014005859848111868,
   0.0010009458055719733,
   0.9999990463256836,
   0.0009778934763744473,
   0.001399607164785266,
   -0.0009792938362807035,
   0.9999985694885254
  ],
  [
   0.9999983310699463,
   -0.001140827895142138,
   -0.00142705999314785,
   0.0011422892566770315,
   0.9999988079071045,
   0.0010236770613119006,
   0.0014258903684094548,
   -0.0010253054788336158,
   0.9999984502792358
  ],
  [
   0.9999983310699463,
   -0.0011589634232223034,
   -0.0014020160306245089,
   0.0011604508617892861,
   0.9999987483024597,
   0.0010606104042381048,
   0.0014007851714268327,
   -0.0010622356785461307,
   0.9999985694885254
  ],
  [
   0.9999983310699463,
   -0.0011903226841241121,
   -0.0013720485148951411,
   0.0011918965028598905,
   0.9999986886978149,
   0.0011468519223853946,
   0.0013706814497709274,
   -0.0011484852293506265,
   0.9999984502792358
  ],
  [
   0.9999983310699463,
   -0.0012775833019986749,
   -0.0013290747301653028,
   0.0012792575871571898,
   0.9999983906745911,
   0.0012594870058819652,
   0.0013274634256958961,
   -0.0012611851561814547,
   0.9999983310699463
  ],
  [
   0.9999982714653015,
   -0.0014108120230957866,
   -0.0012570756953209639,
   0.0014125307789072394,
   0.9999980330467224,
   0.001367411925457418,
   0.0012551440158858895,
   -0.0013691851636394858,
   0.9999983310699463
  ],
  [
   0.999998152256012,
   -0.001536883064545691,
   -0.001152142765931785,
   0.0015385543229058385,
   0.9999977946281433,
   0.0014510697219520807,
   0.0011499101528897882,
   -0.0014528397005051374,
   0.9999983310699463
  ],
  [
   0.9999982118606567,
   -0.001593841123394668,
   -0.0010492057772353292,
   0.0015954230912029743,
   0.999997615814209,
   0.0015086964704096317,
   0.0010467986576259136,
   -0.0015103676123544574,
   0.9999983310699463
  ],
  [
   0.999998152256012,
   -0.001682235044427216,
   -0.000963696395047009,
   0.0016837501898407936,
   0.9999973773956299,
   0.0015735083725303411,
   0.0009610468987375498,
   -0.0015751280589029193,
   0.9999983310699463
  ],
  [
   0.9999982714653015,
   -0.00167636398691684,
   -0.0008442491525784135,
   0.0016777297714725137,
   0.9999972581863403,
   0.0016198032535612583,
   0.0008415314950980246,
   -0.0016212168848142028,
   0.9999983310699463
  ],
  [
   0.9999984502792358,
   -0.001619657501578331,
   -0.000698212708812207,
   0.0016208277083933353,
   0.9999973177909851,
   0.0016787401400506496,
   0.000695491791702807,
   -0.001679869252257049,
   0.9999983310699463
  ],
  [
   0.9999987483024597,
   -0.0014987739268690348,
   -0.0005045518628321588,
   0.0014996486715972424,
   0.9999973177909851,
   0.0017376239411532879,
   0.0005019461968913674,
   -0.00173837854526937,
   0.9999983310699463
  ],
  [
   0.999998927116394,
   -0.001447489601559937,
   -0.0003337081870995462,
   0.0014481008984148502,
   0.9999972581863403,
   0.0018384902505204082,
   0.0003310461179353297,
   -0.0018389715114608407,
   0.9999982118606567
  ],
  [
   0.9999989867210388,
   -0.001421279856003821,
   -0.00013153116742614657,
   0.0014215316623449326,
   0.999997079372406,
   0.001933885971084237,
   0.0001287822233280167,
   -0.0019340708386152983,
   0.9999982118606567
  ],
  [
   0.9999991059303284,
   -0.0013653155183419585,
   0.00010265841410728171,
   0.0013651071349158883,
   0.999997079372406,
   0.0020045803394168615,
   -0.00010539498907746747,
   -0.0020044383127242327,
   0.9999979734420776
  ],
  [
   0.9999989867210388,
   -0.0013760454021394253,
   0.00030838881502859294,
   0.001375406514853239,
   0.9999969601631165,
   0.0020628899801522493,
   -0.0003112264967057854,
   -0.002062463667243719,
   0.9999977350234985
  ],
  [
   0.9999986886978149,
   -0.001523130340501666,
   0.0005297544994391501,
   0.0015220032073557377,
   0.9999966025352478,
   0.0021213176660239697,
   -0.0005329837440513074,
   -0.002120508346706629,
   0.999997615814209
  ],
  [
   0.9999982714653015,
   -0.0016689483309164643,
   0.0007803866174072027,
   0.0016672654310241342,
   0.9999962449073792,
   0.00215223990380764,
   -0.0007839757017791271,
   -0.0021509353537112474,
   0.9999973773956299
  ],
  [
   0.9999980330467224,
   -0.0017233993858098984,
   0.0009375709341838956,
   0.001721339300274849,
   0.9999960660934448,
   0.0021937955170869827,
   -0.0009413481457158923,
   -0.002192177576944232,
   0.9999971389770508
  ],
  [
   0.9999977946281433,
   -0.0017991011263802648,
   0.0011123516596853733,
   0.0017965808510780334,
   0.9999958276748657,
   0.0022625240962952375,
   -0.001116417464800179,
   -0.0022605203557759523,
   0.9999967813491821
  ],
  [
   0.9999973177909851,
   -0.001890217768959701,
   0.001363008632324636,
   0.001886966754682362,
   0.9999953508377075,
   0.002382478443905711,
   -0.0013675056397914886,
   -0.002379900310188532,
   0.9999961853027344
  ],
  [
   0.9999967217445374,
   -0.001957032596692443,
   0.001671333098784089,
   0.0019528772681951523,
   0.9999950528144836,
   0.0024841795675456524,
   -0.0016761862207204103,
   -0.0024809075985103846,
   0.9999954700469971
  ],
  [
   0.9999959468841553,
   -0.0021275512408465147,
   0.001908367034047842,
   0.0021226219832897186,
   0.9999943971633911,
   0.0025812338571995497,
   -0.0019138482166454196,
   -0.002577172825112939,
   0.9999948740005493
  ],
  [
   0.9999951124191284,
   -0.0022939087357372046,
   0.0021223516669124365,
   0.0022882591001689434,
   0.9999938011169434,
   0.002660572761669755,
   -0.0021284418180584908,
   -0.002655703341588378,
   0.999994158744812
  ],
  [
   0.9999940991401672,
   -0.0024482670705765486,
   0.002410698216408491,
   0.0024415976367890835,
   0.9999932050704956,
   0.0027658811304718256,
   -0.0024174535647034645,
   -0.0027599788736552,
   0.9999932050704956
  ],
  [
   0.9999932050704956,
   -0.0024441129062324762,
   0.002748146653175354,
   0.002436283743008971,
   0.9999929666519165,
   0.0028485404327511787,
   -0.0027550894301384687,
   -0.002841825829818845,
   0.9999921321868896
  ],
  [
   0.9999926090240479,
   -0.0022126552648842335,
   0.003145497990772128,
   0.0022034700959920883,
   0.9999932646751404,
   0.0029206520412117243,
   -0.0031519392505288124,
   -0.002913699485361576,
   0.9999908208847046
  ],
  [
   0.9999914765357971,
   -0.002082605380564928,
   0.003563675796613097,
   0.002071899129077792,
   0.9999933838844299,
   0.0030053695663809776,
   -0.0035699112340807915,
   -0.002997960662469268,
   0.9999890327453613
  ],
  [
   0.999989926815033,
   -0.0022599336225539446,
   0.003872525179758668,
   0.0022477759048342705,
   0.9999925494194031,
   0.003140947548672557,
   -0.0038795946165919304,
   -0.0031322117429226637,
   0.9999874830245972
  ],
  [
   0.9999884963035583,
   -0.002259047469124198,
   0.004223836585879326,
   0.0022455735597759485,
   0.9999924302101135,
   0.0031920145265758038,
   -0.004231015685945749,
   -0.0031824929174035788,
   0.9999860525131226
  ],
  [
   0.9999861717224121,
   -0.0024797969963401556,
   0.004639897495508194,
   0.002464562188833952,
   0.9999915361404419,
   0.003286320948973298,
   -0.004648007918149233,
   -0.003274840535596013,
   0.9999839067459106
  ],
  [
   0.9999836087226868,
   -0.002181450603529811,
   0.005292282439768314,
   0.0021635652519762516,
   0.9999919533729553,
   0.003382915398105979,
   -0.005299619864672422,
   -0.0033714098390191793,
   0.9999802112579346
  ],
  [
   0.9999824166297913,
   -0.0017025062115862966,
   0.0056801349855959415,
   0.0016827610088512301,
   0.9999924898147583,
   0.0034791852813214064,
   -0.005686016287654638,
   -0.0034695661161094904,
   0.9999778270721436
  ],
  [
   0.9999812245368958,
   -0.0013813208788633347,
   0.005971868056803942,
   0.0013600722886621952,
   0.9999927282333374,
   0.0035606904421001673,
   -0.0059767430648207664,
   -0.003552501555532217,
   0.9999759197235107
  ],
  [
   0.9999778270721436,
   -0.0012127627851441503,
   0.006540308240801096,
   0.0011884969426319003,
   0.9999923706054688,
   0.003712824545800686,
   -0.006544761825352907,
   -0.0037049695383757353,
   0.9999717473983765
  ],
  [
   0.9999730587005615,
   -0.0007764245965518057,
   0.007299123331904411,
   0.000749270198866725,
   0.9999927878379822,
   0.0037222281098365784,
   -0.00730196014046669,
   -0.003716658800840378,
   0.9999663829803467
  ],
  [
   0.9999719262123108,
   -0.00027277827030047774,
   0.007487338036298752,
   0.00024392367049586028,
   0.9999925494194031,
   0.003854432376101613,
   -0.007488334085792303,
   -0.003852497786283493,
   0.9999644756317139
  ],
  [
   0.9999653697013855,
   -0.0006628747214563191,
   0.008294612169265747,
   0.0006297771469689906,
   0.9999918341636658,
   0.0039922273717820644,
   -0.008297192864120007,
   -0.003986865282058716,
   0.9999575614929199
  ],
  [
   0.9999562501907349,
   -0.0009300316451117396,
   0.00931097473949194,
   0.0008928693132475019,
   0.9999916553497314,
   0.003994602244347334,
   -0.009314612485468388,
   -0.003986113704741001,
   0.9999486207962036
  ],
  [
   0.9999486207962036,
   -0.0006313765188679099,
   0.010116607882082462,
   0.0005892630433663726,
   0.9999911189079285,
   0.004165247548371553,
   -0.010119147598743439,
   -0.0041590724140405655,
   0.9999401569366455
  ],
  [
   0.9999417662620544,
   -0.0006872440571896732,
   0.010769035667181015,
   0.0006430220673792064,
   0.9999913573265076,
   0.004109321162104607,
   -0.010771767236292362,
   -0.00410215649753809,
   0.9999336004257202
  ],
  [
   0.9999301433563232,
   -0.0019074453739449382,
   0.011664360761642456,
   0.001859063166193664,
   0.9999896883964539,
   0.0041572898626327515,
   -0.011672170832753181,
   -0.004135314840823412,
   0.9999233484268188
  ],
  [
   0.9999253749847412,
   -0.002713024616241455,
   0.011915711686015129,
   0.0026650032959878445,
   0.999988317489624,
   0.0040441411547362804,
   -0.011926543898880482,
   -0.004012083634734154,
   0.9999208450317383
  ],
  [
   0.9999158382415771,
   -0.003281300887465477,
   0.012551091611385345,
   0.003227797569707036,
   0.9999855756759644,
   0.0042807115241885185,
   -0.012564958073198795,
   -0.004239839501678944,
   0.9999120235443115
  ],
  [
   0.9998996257781982,
   -0.001630086568184197,
   0.014077821746468544,
   0.0015685156686231494,
   0.9999891519546509,
   0.004383559338748455,
   -0.01408481691032648,
   -0.004361037630587816,
   0.9998914003372192
  ],
  [
   0.9999003410339355,
   -0.0028016469441354275,
   0.013836652040481567,
   0.002741790609434247,
   0.9999867677688599,
   0.004342997912317514,
   -0.013848638162016869,
   -0.004304627422243357,
   0.9998947381973267
  ],
  [
   0.9998952150344849,
   -0.003927062731236219,
   0.013935993425548077,
   0.003861509496346116,
   0.9999814033508301,
   0.004727688152343035,
   -0.013954300433397293,
   -0.00467337854206562,
   0.9998917579650879
  ],
  [
   0.9998772144317627,
   -0.003525847103446722,
   0.015269293449819088,
   0.0034483231138437986,
   0.9999810457229614,
   0.0051004597917199135,
   -0.015286988578736782,
   -0.005047180689871311,
   0.9998704195022583
  ],
  [
   0.9998644590377808,
   -0.0034312859643250704,
   0.016105569899082184,
   0.003346754238009453,
   0.9999804496765137,
   0.005272621754556894,
   -0.016123350709676743,
   -0.005218006204813719,
   0.9998563528060913
  ],
  [
   0.9998495578765869,
   -0.003744883928447962,
   0.016939660534262657,
   0.0036566879134625196,
   0.9999796152114868,
   0.0052344705909490585,
   -0.016958918422460556,
   -0.005171740427613258,
   0.9998427629470825
  ],
  [
   0.9998338222503662,
   -0.0037268302403390408,
   0.017849881201982498,
   0.003632025560364127,
   0.9999791383743286,
   0.005340673495084047,
   -0.017869412899017334,
   -0.005274954251945019,
   0.9998264908790588
  ],
  [
   0.9998186230659485,
   -0.003965005744248629,
   0.01862506754696369,
   0.0038643928710371256,
   0.9999777674674988,
   0.0054349033161997795,
   -0.018646202981472015,
   -0.005361943040043116,
   0.9998117089271545
  ],
  [
   0.9997994899749756,
   -0.003937930334359407,
   0.01963288150727749,
   0.003833666443824768,
   0.9999783635139465,
   0.005345492158085108,
   -0.019653502851724625,
   -0.005269154440611601,
   0.9997929930686951
  ],
  [
   0.999782919883728,
   -0.004191907588392496,
   0.020410824567079544,
   0.004081434104591608,
   0.9999768137931824,
   0.005451111122965813,
   -0.020433202385902405,
   -0.005366622004657984,
   0.9997767806053162
  ],
  [
   0.9997612237930298,
   -0.004118368960916996,
   0.021460365504026413,
   0.004007101058959961,
   0.9999783039093018,
   0.005225241184234619,
   -0.02148141898214817,
   -0.005138000473380089,
   0.9997560381889343
  ],
  [
   0.999739408493042,
   -0.004449923522770405,
   0.022390393540263176,
   0.00433060759678483,
   0.9999762177467346,
   0.0053746048361063,
   -0.02241377718746662,
   -0.005276240408420563,
   0.9997348189353943
  ],
  [
   0.9997095465660095,
   -0.004214750602841377,
   0.023729536682367325,
   0.004092211369425058,
   0.9999780654907227,
   0.005210164003074169,
   -0.023750975728034973,
   -0.005111544393002987,
   0.9997047781944275
  ],
  [
   0.9996857643127441,
   -0.004641505889594555,
   0.024633625522255898,
   0.004507513716816902,
   0.9999747276306152,
   0.005492152646183968,
   -0.02465849556028843,
   -0.005379389971494675,
   0.9996814727783203
  ],
  [
   0.9996586441993713,
   -0.004615606274455786,
   0.025716010481119156,
   0.004477674141526222,
   0.9999752640724182,
   0.005418654065579176,
   -0.025740383192896843,
   -0.0053016566671431065,
   0.9996546506881714
  ],
  [
   0.9996283054351807,
   -0.0049310410395264626,
   0.026815427467226982,
   0.004780820105224848,
   0.9999725222587585,
   0.005663271993398666,
   -0.026842618361115456,
   -0.005532967392355204,
   0.9996243715286255
  ],
  [
   0.9995984435081482,
   -0.004938523750752211,
   0.02790059708058834,
   0.004782445728778839,
   0.9999725818634033,
   0.005658003967255354,
   -0.02792777121067047,
   -0.005522299092262983,
   0.9995947480201721
  ],
  [
   0.9995624423027039,
   -0.005113177001476288,
   0.02913464978337288,
   0.0049448818899691105,
   0.9999707341194153,
   0.005845568608492613,
   -0.02916368655860424,
   -0.0056989435106515884,
   0.9995583891868591
  ],
  [
   0.9995287656784058,
   -0.005309802945703268,
   0.030230259522795677,
   0.005135778803378344,
   0.9999698400497437,
   0.005831365007907152,
   -0.03026030957698822,
   -0.0056733619421720505,
   0.9995259046554565
  ],
  [
   0.9994812607765198,
   -0.005365459714084864,
   0.031753718852996826,
   0.005176784936338663,
   0.9999684691429138,
   0.006021049804985523,
   -0.0317850224673748,
   -0.00585354445502162,
   0.9994776844978333
  ],
  [
   0.9994390606880188,
   -0.005476938094943762,
   0.033038973808288574,
   0.005250842776149511,
   0.9999622106552124,
   0.0069261593744158745,
   -0.033075664192438126,
   -0.006748792249709368,
   0.9994300007820129
  ],
  [
   0.9994044303894043,
   -0.0057104104198515415,
   0.03403225541114807,
   0.005472652148455381,
   0.9999599456787109,
   0.007075341884046793,
   -0.03407129645347595,
   -0.0068848817609250546,
   0.9993957281112671
  ],
  [
   0.9993604421615601,
   -0.0059805866330862045,
   0.03525505214929581,
   0.005745198577642441,
   0.9999605417251587,
   0.006774253211915493,
   -0.035294171422719955,
   -0.006567373406141996,
   0.9993553757667542
  ],
  [
   0.9993195533752441,
   -0.005991956684738398,
   0.03639237582683563,
   0.005749588366597891,
   0.9999606609344482,
   0.006760857068002224,
   -0.0364314503967762,
   -0.006547015625983477,
   0.9993146657943726
  ],
  [
   0.9992613196372986,
   -0.006068183109164238,
   0.03794807940721512,
   0.0058134314604103565,
   0.9999598860740662,
   0.006819914560765028,
   -0.03798794001340866,
   -0.006594268139451742,
   0.999256432056427
  ],
  [
   0.9992026686668396,
   -0.006215591449290514,
   0.0394376665353775,
   0.0059503838419914246,
   0.999958872795105,
   0.006838544271886349,
   -0.039478547871112823,
   -0.006598422769457102,
   0.9991987347602844
  ],
  [
   0.9991520643234253,
   -0.0063508059829473495,
   0.0406799353659153,
   0.006076463032513857,
   0.9999579787254333,
   0.0068640452809631824,
   -0.040721822530031204,
   -0.006611035671085119,
   0.9991486072540283
  ],
  [
   0.9990847110748291,
   -0.0064820051193237305,
   0.04228249937295914,
   0.006190812680870295,
   0.9999561905860901,
   0.007014150265604258,
   -0.04232611507177353,
   -0.006745967548340559,
   0.999081015586853
  ],
  [
   0.9990223050117493,
   -0.006690876558423042,
   0.043699827045202255,
   0.006385027896612883,
   0.9999541640281677,
   0.007134698797017336,
   -0.04374556988477707,
   -0.006848698947578669,
   0.9990192651748657
  ],
  [
   0.9989582896232605,
   -0.006785090081393719,
   0.045125145465135574,
   0.006457831244915724,
   0.9999517798423767,
   0.007394086569547653,
   -0.045173145830631256,
   -0.0070949736982584,
   0.9989539384841919
  ],
  [
   0.9988954663276672,
   -0.006938510108739138,
   0.04647340625524521,
   0.006585448049008846,
   0.9999483227729797,
   0.007745878305286169,
   -0.04652475193142891,
   -0.0074312747456133366,
   0.9988895058631897
  ],
  [
   0.998836874961853,
   -0.007246097084134817,
   0.04766956716775894,
   0.006883519235998392,
   0.999946117401123,
   0.007765822112560272,
   -0.04772326722741127,
   -0.007428654935210943,
   0.9988330006599426
  ],
  [
   0.9987563490867615,
   -0.00725035835057497,
   0.0493282712996006,
   0.006889724172651768,
   0.9999483227729797,
   0.007477003149688244,
   -0.04937992990016937,
   -0.007127846125513315,
   0.998754620552063
  ],
  [
   0.9986839294433594,
   -0.007337713614106178,
   0.05076069012284279,
   0.006970849819481373,
   0.9999483227729797,
   0.0074005755595862865,
   -0.05081236734986305,
   -0.007036990951746702,
   0.9986833930015564
  ],
  [
   0.9986073970794678,
   -0.007463547866791487,
   0.052226703613996506,
   0.007098021917045116,
   0.9999489784240723,
   0.007180823013186455,
   -0.052277639508247375,
   -0.0068001169711351395,
   0.9986094236373901
  ],
  [
   0.998522937297821,
   -0.007555988617241383,
   0.053803950548172,
   0.007173481862992048,
   0.9999476671218872,
   0.007298854645341635,
   -0.05385628342628479,
   -0.0069021121598780155,
   0.9985248446464539
  ],
  [
   0.9984455704689026,
   -0.007748205680400133,
   0.055193692445755005,
   0.007353629916906357,
   0.9999459981918335,
   0.007348443381488323,
   -0.05524764955043793,
   -0.006931147538125515,
   0.9984486103057861
  ],
  [
   0.9983634352684021,
   -0.008030487224459648,
   0.05662180110812187,
   0.007606932427734137,
   0.9999415278434753,
   0.007691994775086641,
   -0.056680258363485336,
   -0.00724868755787611,
   0.9983660578727722
  ],
  [
   0.998266339302063,
   -0.008205913007259369,
   0.05828431248664856,
   0.007755829952657223,
   0.9999383687973022,
   0.007944213226437569,
   -0.058345913887023926,
   -0.0074783978052437305,
   0.9982683658599854
  ],
  [
   0.9981614351272583,
   -0.008367589674890041,
   0.06003020703792572,
   0.00788696389645338,
   0.99993497133255,
   0.008238882757723331,
   -0.06009524315595627,
   -0.0077502792701125145,
   0.998162567615509
  ],
  [
   0.998068630695343,
   -0.008462985046207905,
   0.061541661620140076,
   0.00795202050358057,
   0.9999319314956665,
   0.008542954921722412,
   -0.061609771102666855,
   -0.008037073537707329,
   0.9980679154396057
  ],
  [
   0.9979708790779114,
   -0.00855620764195919,
   0.0630950778722763,
   0.008051997981965542,
   0.999933660030365,
   0.008241233415901661,
   -0.06316140294075012,
   -0.007716469466686249,
   0.9979733824729919
  ],
  [
   0.9978802800178528,
   -0.008721796795725822,
   0.06448958814144135,
   0.008191115222871304,
   0.9999303817749023,
   0.008488771505653858,
   -0.06455913186073303,
   -0.007942535914480686,
   0.9978823065757751
  ],
  [
   0.9977911114692688,
   -0.008874249644577503,
   0.0658341497182846,
   0.008315098471939564,
   0.9999270439147949,
   0.008762485347688198,
   -0.06590711325407028,
   -0.008195714093744755,
   0.99779212474823
  ],
  [
   0.9976909160614014,
   -0.009069426916539669,
   0.0673103854060173,
   0.008489593863487244,
   0.9999244213104248,
   0.008895372971892357,
   -0.0673859566450119,
   -0.008303394541144371,
   0.9976925849914551
  ],
  [
   0.9975782036781311,
   -0.009248805232346058,
   0.06893672049045563,
   0.008644288405776024,
   0.9999216198921204,
   0.009062312543392181,
   -0.06901512295007706,
   -0.008444455452263355,
   0.9975798726081848
  ],
  [
   0.9974437355995178,
   -0.009420227259397507,
   0.0708317905664444,
   0.008794288150966167,
   0.9999194741249084,
   0.00914362445473671,
   -0.07091221958398819,
   -0.008497335016727448,
   0.9974464178085327
  ],
  [
   0.9973059296607971,
   -0.009545961394906044,
   0.07273127883672714,
   0.008887679316103458,
   0.9999166131019592,
   0.009369157254695892,
   -0.07281465083360672,
   -0.008697502315044403,
   0.9973076581954956
  ],
  [
   0.9971863031387329,
   -0.00967290811240673,
   0.07433708757162094,
   0.00896450411528349,
   0.9999111890792847,
   0.009857389144599438,
   -0.0744258388876915,
   -0.009163259528577328,
   0.9971844553947449
  ],
  [
   0.997070848941803,
   -0.0097829420119524,
   0.07585512101650238,
   0.009025951847434044,
   0.9999060034751892,
   0.010315844789147377,
   -0.07594892382621765,
   -0.009600963443517685,
   0.9970654845237732
  ],
  [
   0.9969592094421387,
   -0.010033046826720238,
   0.07727691531181335,
   0.009271915070712566,
   0.999904990196228,
   0.010201921686530113,
   -0.07737192511558533,
   -0.009454395622015,
   0.9969574213027954
  ],
  [
   0.9968053698539734,
   -0.010079871863126755,
   0.0792308822274208,
   0.009299064986407757,
   0.9999045133590698,
   0.010217630304396152,
   -0.0793263241648674,
   -0.009448216296732426,
   0.996803879737854
  ],
  [
   0.9966856241226196,
   -0.01033126562833786,
   0.08069045096635818,
   0.009526546113193035,
   0.9999009966850281,
   0.010351557284593582,
   -0.08078941702842712,
   -0.009548547677695751,
   0.9966854453086853
  ],
  [
   0.9965681433677673,
   -0.01051427610218525,
   0.08210580796003342,
   0.009651267901062965,
   0.9998940229415894,
   0.010900743305683136,
   -0.08221171796321869,
   -0.01007090788334608,
   0.9965639710426331
  ],
  [
   0.9963943958282471,
   -0.010546849109232426,
   0.08418435603380203,
   0.009650282561779022,
   0.9998924136161804,
   0.011049855500459671,
   -0.08429183065891266,
   -0.010197609663009644,
   0.9963890314102173
  ],
  [
   0.9962025284767151,
   -0.01059469673782587,
   0.08641979843378067,
   0.009677901864051819,
   0.9998924732208252,
   0.011020693928003311,
   -0.0865272581577301,
   -0.01014248002320528,
   0.9961977601051331
  ],
  [
   0.9960403442382812,
   -0.010711641982197762,
   0.08825517445802689,
   0.009760518558323383,
   0.999889612197876,
   0.011201496236026287,
   -0.08836543560028076,
   -0.010295726358890533,
   0.9960349202156067
  ],
  [
   0.9959298968315125,
   -0.011065660044550896,
   0.08944924920797348,
   0.010064738802611828,
   0.9998816847801208,
   0.011633140034973621,
   -0.0895673930644989,
   -0.010685510002076626,
   0.9959235191345215
  ],
  [
   0.9957470297813416,
   -0.011269335635006428,
   0.09143809229135513,
   0.01021588034927845,
   0.9998760223388672,
   0.011980859562754631,
   -0.09156177192926407,
   -0.010995784774422646,
   0.9957386255264282
  ],
  [
   0.9956033229827881,
   -0.011552507989108562,
   0.09295454621315002,
   0.010480185970664024,
   0.9998729228973389,
   0.01201588474214077,
   -0.093081533908844,
   -0.010988874360918999,
   0.9955978989601135
  ],
  [
   0.9954476952552795,
   -0.011916679330170155,
   0.0945608913898468,
   0.010813454166054726,
   0.9998674988746643,
   0.01217070035636425,
   -0.09469339996576309,
   -0.011092765256762505,
   0.995444655418396
  ],
  [
   0.9952857494354248,
   -0.01221002358943224,
   0.09621375054121017,
   0.011004669591784477,
   0.9998542666435242,
   0.013048592023551464,
   -0.09635906666517258,
   -0.01192827895283699,
   0.9952751398086548
  ],
  [
   0.9950449466705322,
   -0.011945442296564579,
   0.09870637208223343,
   0.010737346485257149,
   0.9998608827590942,
   0.01276148110628128,
   -0.09884507209062576,
   -0.011638401076197624,
   0.9950348138809204
  ],
  [
   0.9948140382766724,
   -0.01186804473400116,
   0.10101579129695892,
   0.010628880932927132,
   0.9998615980148315,
   0.01279645785689354,
   -0.10115367919206619,
   -0.011656410060822964,
   0.9948025941848755
  ],
  [
   0.9946404099464417,
   -0.01206676010042429,
   0.10268811881542206,
   0.010725655592978,
   0.9998499751091003,
   0.013602139428257942,
   -0.10283684730529785,
   -0.012427839450538158,
   0.9946205615997314
  ],
  [
   0.994530975818634,
   -0.013042001985013485,
   0.10362417995929718,
   0.011582477949559689,
   0.9998252391815186,
   0.014674068428575993,
   -0.10379744321107864,
   -0.013393592089414597,
   0.9945083260536194
  ],
  [
   0.994334876537323,
   -0.013431800529360771,
   0.10544124990701675,
   0.011910820379853249,
   0.9998159408569336,
   0.015041419304907322,
   -0.10562387108802795,
   -0.013700317591428757,
   0.9943118095397949
  ],
  [
   0.9940980672836304,
   -0.013529752381145954,
   0.1076386421918869,
   0.011971421539783478,
   0.9998141527175903,
   0.015110480599105358,
   -0.10782308131456375,
   -0.013732711784541607,
   0.9940752983093262
  ],
  [
   0.9938769936561584,
   -0.013600512407720089,
   0.10965242236852646,
   0.01207541860640049,
   0.999821126461029,
   0.014560537412762642,
   -0.1098308190703392,
   -0.013147284276783466,
   0.9938633441925049
  ],
  [
   0.9936181306838989,
   -0.013700379058718681,
   0.11196150630712509,
   0.012120346538722515,
   0.9998172521591187,
   0.014780798926949501,
   -0.11214354634284973,
   -0.013329457491636276,
   0.9936025738716125
  ],
  [
   0.9933643937110901,
   -0.013701414689421654,
   0.11419021338224411,
   0.012029347941279411,
   0.9998102784156799,
   0.015319072641432285,
   -0.1143784299492836,
   -0.013843788765370846,
   0.993340790271759
  ],
  [
   0.9931780099868774,
   -0.013896801508963108,
   0.11577700823545456,
   0.0122417276725173,
   0.9998126029968262,
   0.014994189143180847,
   -0.11596368253231049,
   -0.01347458828240633,
   0.9931621551513672
  ],
  [
   0.9929798245429993,
   -0.014216678217053413,
   0.11742649227380753,
   0.01248275674879551,
   0.9998021721839905,
   0.015488325618207455,
   -0.1176234558224678,
   -0.01391378790140152,
   0.9929608702659607
  ],
  [
   0.9926924705505371,
   -0.014478861354291439,
   0.11979950219392776,
   0.012654626742005348,
   0.9997922778129578,
   0.01597420498728752,
   -0.12000592052936554,
   -0.01434145774692297,
   0.9926695823669434
  ],
  [
   0.992493748664856,
   -0.01488647423684597,
   0.12138623744249344,
   0.013087228871881962,
   0.9997925758361816,
   0.015606340020895004,
   -0.12159339338541031,
   -0.01390058547258377,
   0.9924827218055725
  ],
  [
   0.992315948009491,
   -0.01478918269276619,
   0.1228422299027443,
   0.013046244159340858,
   0.9998027086257935,
   0.014980738051235676,
   -0.12303953617811203,
   -0.013262996450066566,
   0.9923130869865417
  ],
  [
   0.9919819235801697,
   -0.014647689647972584,
   0.12552759051322937,
   0.012771772220730782,
   0.999794602394104,
   0.01573609560728073,
   -0.12573231756687164,
   -0.014006713405251503,
   0.9919654130935669
  ],
  [
   0.9916462302207947,
   -0.014819955453276634,
   0.12813349068164825,
   0.012843305245041847,
   0.9997856616973877,
   0.016239028424024582,
   -0.12834666669368744,
   -0.01445771474391222,
   0.9916239380836487
  ],
  [
   0.9914265275001526,
   -0.01540269237011671,
   0.12975461781024933,
   0.013262774795293808,
   0.9997616410255432,
   0.017340078949928284,
   -0.12999078631401062,
   -0.015470507554709911,
   0.991394579410553
  ],
  [
   0.9911448359489441,
   -0.015607538633048534,
   0.13186435401439667,
   0.013436343520879745,
   0.9997593760490417,
   0.017339186742901802,
   -0.13210326433181763,
   -0.015413873828947544,
   0.9911161661148071
  ],
  [
   0.9908157587051392,
   -0.015422581695020199,
   0.13433679938316345,
   0.013291806913912296,
   0.9997714757919312,
   0.01674392819404602,
   -0.1345643252134323,
   -0.014804570935666561,
   0.9907943606376648
  ],
  [
   0.9906222820281982,
   -0.015715837478637695,
   0.13572190701961517,
   0.013506338000297546,
   0.9997611045837402,
   0.017185155302286148,
   -0.13595958054065704,
   -0.015190894715487957,
   0.9905979037284851
  ],
  [
   0.9902644157409668,
   -0.0157922375947237,
   0.13830067217350006,
   0.013475198298692703,
   0.9997529983520508,
   0.017674000933766365,
   -0.13854563236236572,
   -0.015638304874300957,
   0.9902325868606567
  ],
  [
   0.989952027797699,
   -0.015686631202697754,
   0.1405305117368698,
   0.01330530270934105,
   0.9997518062591553,
   0.017868926748633385,
   -0.14077594876289368,
   -0.015819577500224113,
   0.989915132522583
  ],
  [
   0.9895961284637451,
   -0.015815820544958115,
   0.14300155639648438,
   0.01337239146232605,
   0.9997479915618896,
   0.01803174614906311,
   -0.1432507038116455,
   -0.015931876376271248,
   0.9895581603050232
  ],
  [
   0.989387035369873,
   -0.016261756420135498,
   0.14439134299755096,
   0.013798295520246029,
   0.9997419714927673,
   0.01804613694548607,
   -0.14464755356311798,
   -0.01586226001381874,
   0.9893561005592346
  ],
  [
   0.9890799522399902,
   -0.01624406687915325,
   0.14648163318634033,
   0.013731949962675571,
   0.9997410774230957,
   0.018144682049751282,
   -0.1467384397983551,
   -0.01593506522476673,
   0.9890469908714294
  ],
  [
   0.9887595772743225,
   -0.016436653211712837,
   0.14860793948173523,
   0.013811774551868439,
   0.9997301697731018,
   0.018677951768040657,
   -0.14887481927871704,
   -0.016415465623140335,
   0.9887197613716125
  ],
  [
   0.9884932041168213,
   -0.01664518006145954,
   0.15034696459770203,
   0.01402197778224945,
   0.9997307062149048,
   0.018491024151444435,
   -0.15061424672603607,
   -0.016170088201761246,
   0.9884603023529053
  ],
  [
   0.9880973100662231,
   -0.016621045768260956,
   0.15292932093143463,
   0.013852978125214577,
   0.9997206330299377,
   0.01914813742041588,
   -0.15320485830307007,
   -0.016801699995994568,
   0.9880516529083252
  ],
  [
   0.9877258539199829,
