{
 "rotation": [
  [
   1.0,
   0.00018169922986999154,
   0.00016446603694930673,
   -0.00018167734378948808,
   1.0,
   -0.00013305038737598807,
   -0.00016449019312858582,
   0.00013302051229402423,
   1.0
  ],
  [
   0.9999998807907104,
   0.00016283833247143775,
   0.00047522742534056306,
   -0.00016273379151243716,
   1.0,
   -0.00022005494975019246,
   -0.0004752632521558553,
   0.0002199776063207537,
   0.9999998807907104
  ],
  [
   0.9999997019767761,
   0.00016649175086058676,
   0.0008194515248760581,
   -0.00016624706040602177,
   1.0,
   -0.00029867206467315555,
   -0.0008195011760108173,
   0.00029853571322746575,
   0.9999995231628418
  ],
  [
   0.9999994039535522,
   0.00017940466932486743,
   0.0010777503484860063,
   -0.00017907899746205658,
   0.9999998807907104,
   -0.00030227136448957026,
   -0.0010778044816106558,
   0.00030207817326299846,
   0.9999994039535522
  ],
  [
   0.9999990463256836,
   0.00014973970246501267,
   0.0014117907267063856,
   -0.00014923969865776598,
   0.9999999403953552,
   -0.00035427804687060416,
   -0.0014118438120931387,
   0.0003540670149959624,
   0.999998927116394
  ],
  [
   0.9999986290931702,
   0.00013930309796705842,
   0.0016508714761584997,
   -0.00013869526446796954,
   0.9999999403953552,
   -0.00036831156467087567,
   -0.0016509226989001036,
   0.0003680821100715548,
   0.9999985694885254
  ],
  [
   0.9999980926513672,
   1.8558801457402296e-05,
   0.0019528220873326063,
   -1.7643083992879838e-05,
   0.9999998807907104,
   -0.0004689356137532741,
   -0.0019528307020664215,
   0.00046890025259926915,
   0.9999979734420776
  ],
  [
   0.9999974966049194,
   -3.722467954503372e-05,
   0.002255332423374057,
   3.8301139284158126e-05,
   0.9999998807907104,
   -0.0004772507818415761,
   -0.0022553144954144955,
   0.00047733596875332296,
   0.9999973773956299
  ],
  [
   0.9999967813491821,
   -1.8835637092706747e-05,
   0.0025427574291825294,
   2.0373150618979707e-05,
   0.9999998211860657,
   -0.0006046398193575442,
   -0.0025427453219890594,
   0.000604689703322947,
   0.999996542930603
  ],
  [
   0.9999960064888,
   -0.00015322976105380803,
   0.0028253605123609304,
   0.0001552204048493877,
   0.9999997615814209,
   -0.0007043484365567565,
   -0.002825251780450344,
   0.0007047840626910329,
   0.9999958276748657
  ],
  [
   0.9999949336051941,
   -0.0002293124416610226,
   0.003176575293764472,
   0.00023159681586548686,
   0.9999997019767761,
   -0.0007187710725702345,
   -0.003176409751176834,
   0.0007195031503215432,
   0.9999947547912598
  ],
  [
   0.9999938607215881,
   -0.00023303031048271805,
   0.0034986420068889856,
   0.00023561900889035314,
   0.9999997019767761,
   -0.0007395147113129497,
   -0.003498468780890107,
   0.0007403345080092549,
   0.9999935626983643
  ],
  [
   0.9999927282333374,
   -0.0003488270449452102,
   0.003796455217525363,
   0.00035157505772076547,
   0.9999996423721313,
   -0.0007231904310174286,
   -0.003796201664954424,
   0.0007245200104080141,
   0.9999926090240479
  ],
  [
   0.9999912977218628,
   -0.0004221244889777154,
   0.0041491687297821045,
   0.00042546994518488646,
   0.9999995827674866,
   -0.0008054528152570128,
   -0.004148826934397221,
   0.0008072112104855478,
   0.9999911785125732
  ],
  [
   0.9999899864196777,
   -0.0005594379617832601,
   0.00445081852376461,
   0.0005634241388179362,
   0.999999463558197,
   -0.000894419034011662,
   -0.004450316075235605,
   0.0008969176560640335,
   0.9999896287918091
  ],
  [
   0.9999883770942688,
   -0.0005961090791970491,
   0.0047859735786914825,
   0.0006007970659993589,
   0.9999993443489075,
   -0.0009781396947801113,
   -0.004785387311130762,
   0.0009810037445276976,
   0.9999880790710449
  ],
  [
   0.9999866485595703,
   -0.0006271739257499576,
   0.005129958502948284,
   0.0006327811279334128,
   0.9999991655349731,
   -0.0010914742015302181,
   -0.005129269789904356,
   0.0010947060072794557,
   0.9999862909317017
  ],
  [
   0.9999842047691345,
   -0.0008115817327052355,
   0.005566992796957493,
   0.0008179034339264035,
   0.9999989867210388,
   -0.001133382203988731,
   -0.0055660679936409,
   0.0011379176285117865,
   0.9999839067459106
  ],
  [
   0.9999818801879883,
   -0.0009589951951056719,
   0.005941202864050865,
   0.0009659943170845509,
   0.9999988079071045,
   -0.0011753126746043563,
   -0.005940069444477558,
   0.001181030529551208,
   0.9999816417694092
  ],
  [
   0.9999791979789734,
   -0.0009910077787935734,
   0.006374054122716188,
   0.0009996778098866343,
   0.9999985694885254,
   -0.0013571149902418256,
   -0.006372700911015272,
   0.0013634589267894626,
   0.9999786615371704
  ],
  [
   0.9999762773513794,
   -0.0012569691753014922,
   0.0067663732916116714,
   0.0012669245479628444,
   0.999998152256012,
   -0.0014672348042950034,
   -0.0067645167000591755,
   0.0014757727039977908,
   0.9999760389328003
  ],
  [
   0.9999729990959167,
   -0.0014136101817712188,
   0.007213543634861708,
   0.0014256619615480304,
   0.9999975562095642,
   -0.0016658409731462598,
   -0.007211172021925449,
   0.001676080166362226,
   0.9999727010726929
  ],
  [
   0.9999693036079407,
   -0.0016166787827387452,
   0.007661720737814903,
   0.0016298673581331968,
   0.9999971985816956,
   -0.0017154180677607656,
   -0.0076589263044297695,
   0.0017278532031923532,
   0.9999691247940063
  ],
  [
   0.9999650716781616,
   -0.0018063272582367063,
   0.0081547312438488,
   0.001820300007238984,
   0.9999968409538269,
   -0.0017063490813598037,
   -0.008151624351739883,
   0.001721133477985859,
   0.9999651908874512
  ],
  [
   0.9999599456787109,
   -0.0019329349743202329,
   0.008737756870687008,
   0.0019481380004435778,
   0.9999966025352478,
   -0.0017317536985501647,
   -0.008734379895031452,
   0.001748706679791212,
   0.9999604225158691
  ],
  [
   0.9999538660049438,
   -0.0023543527349829674,
   0.0093161566182971,
   0.0023713691625744104,
   0.9999955892562866,
   -0.00181590358261019,
   -0.009311840869486332,
   0.0018379117827862501,
   0.9999549388885498
  ],
  [
   0.9999476075172424,
   -0.002707879291847348,
   0.00987512432038784,
   0.002727190498262644,
   0.9999943971633911,
   -0.001942609902471304,
   -0.009869808331131935,
   0.001969439210370183,
   0.9999493360519409
  ],
  [
   0.9999424815177917,
   -0.002818106207996607,
   0.010350188240408897,
   0.002840614877641201,
   0.999993622303009,
   -0.0021606357768177986,
   -0.010344034060835838,
   0.00218991213478148,
   0.9999440908432007
  ],
  [
   0.9999364614486694,
   -0.0031791655346751213,
   0.010818254202604294,
   0.003204665845260024,
   0.9999921917915344,
   -0.0023405896499753,
   -0.010810728184878826,
   0.002375110052525997,
   0.9999387264251709
  ],
  [
   0.999920666217804,
   -0.0034356513060629368,
   0.012119271792471409,
   0.003463489469140768,
   0.9999913573265076,
   -0.002276772167533636,
   -0.012111345306038857,
   0.002318566432222724,
   0.9999240636825562
  ],
  [
   0.9999134540557861,
   -0.0037445419002324343,
   0.012609381228685379,
   0.003772769123315811,
   0.9999904632568359,
   -0.002215526532381773,
   -0.012600965797901154,
   0.002262907102704048,
   0.9999181032180786
  ],
  [
   0.9999096393585205,
   -0.0032975641079247,
   0.013031506910920143,
   0.003334273351356387,
   0.9999905228614807,
   -0.0027962473686784506,
   -0.013022162951529026,
   0.0028394453693181276,
   0.9999110698699951
  ],
  [
   0.9999057054519653,
   -0.004032977391034365,
   0.013125849887728691,
   0.004075923934578896,
   0.9999864101409912,
   -0.0032468214631080627,
   -0.013112577609717846,
   0.003300015116110444,
   0.9999085664749146
  ],
  [
   0.9999045133590698,
   -0.004436918999999762,
   0.013087454251945019,
   0.004482268821448088,
   0.9999840259552002,
   -0.003437848761677742,
   -0.013071991503238678,
   0.003496181685477495,
   0.999908447265625
  ],
  [
   0.9998924732208252,
   -0.005149679258465767,
   0.013730807229876518,
   0.005199725739657879,
   0.9999799132347107,
   -0.0036116745322942734,
   -0.013711933046579361,
   0.0036826825235038996,
   0.99989914894104
  ],
  [
   0.9998772740364075,
   -0.005815479438751936,
   0.014549268409609795,
   0.00586353475227952,
   0.9999775290489197,
   -0.003262467449530959,
   -0.014529968611896038,
   0.0033473772928118706,
   0.9998887777328491
  ],
  [
   0.9998791217803955,
   -0.005272132810205221,
   0.014624367468059063,
   0.00532499048858881,
   0.9999794363975525,
   -0.0035777552984654903,
   -0.014605204574763775,
   0.0036551973316818476,
   0.9998866319656372
  ],
  [
   0.9998506307601929,
   -0.004717153962701559,
   0.016630172729492188,
   0.004773246590048075,
   0.999983012676239,
   -0.0033348973374813795,
   -0.01661415956914425,
   0.0034137791953980923,
   0.9998559951782227
  ],
  [
   0.9998552203178406,
   -0.006763537414371967,
   0.015611831098794937,
   0.00680890865623951,
   0.9999727010726929,
   -0.0028549216222018003,
   -0.015592096373438835,
   0.00296080787666142,
   0.9998739957809448
  ],
  [
   0.9997901320457458,
   -0.004975585266947746,
   0.019870959222316742,
   0.005048434715718031,
   0.9999806880950928,
   -0.003617633832618594,
   -0.01985257677733898,
   0.003717191983014345,
   0.9997959733009338
  ],
  [
   0.9997686147689819,
   -0.005154320038855076,
   0.020885223522782326,
   0.005233120173215866,
   0.9999794363975525,
   -0.0037201230879873037,
   -0.02086561918258667,
   0.0038285572081804276,
   0.9997749924659729
  ],
  [
   0.9997453689575195,
   -0.005392077844589949,
   0.021912800148129463,
   0.0054778787307441235,
   0.9999776482582092,
   -0.003857393516227603,
   -0.021891510114073753,
   0.00397644704207778,
   0.9997523427009583
  ],
  [
   0.999721109867096,
   -0.005595475435256958,
   0.0229432824999094,
   0.005686741787940264,
   0.9999761581420898,
   -0.003914614673703909,
   -0.02292083390057087,
   0.004043995402753353,
   0.9997290968894958
  ],
  [
   0.9996951818466187,
   -0.005876581650227308,
   0.023977942764759064,
   0.005975710693746805,
   0.9999738335609436,
   -0.004064620938152075,
   -0.023953432217240334,
   0.0042066676542162895,
   0.9997040629386902
  ],
  [
   0.9996687173843384,
   -0.006101477425545454,
   0.025005077943205833,
   0.006206969730556011,
   0.9999721646308899,
   -0.0041433777660131454,
   -0.02497910149395466,
   0.004297210369259119,
   0.9996788501739502
  ],
  [
   0.9996415376663208,
   -0.006376856006681919,
   0.026002341881394386,
   0.006490296218544245,
   0.9999697208404541,
   -0.004280640743672848,
   -0.025974256917834282,
   0.00444786949083209,
   0.999652624130249
  ],
  [
   0.9996136426925659,
   -0.006702690850943327,
   0.026972763240337372,
   0.0068262615241110325,
   0.9999666213989258,
   -0.004491825122386217,
   -0.026941757649183273,
   0.004674213007092476,
   0.9996260404586792
  ],
  [
   0.9995846748352051,
   -0.006854661274701357,
   0.027990400791168213,
   0.0069862063974142075,
   0.9999650120735168,
   -0.004604564979672432,
   -0.027957860380411148,
   0.004798199515789747,
   0.9995976090431213
  ],
  [
   0.9995527863502502,
   -0.006991068832576275,
   0.029074812307953835,
   0.00713387131690979,
   0.9999629855155945,
   -0.004810708574950695,
   -0.029040105640888214,
   0.005015973001718521,
   0.9995656609535217
  ],
  [
   0.9995185136795044,
   -0.0073297773487865925,
   0.030148571357131004,
   0.007480785716325045,
   0.9999600052833557,
   -0.004899071529507637,
   -0.03011145442724228,
   0.005122247617691755,
   0.9995334148406982
  ],
  [
   0.9994818568229675,
   -0.007457278203219175,
   0.03131119906902313,
   0.007617146708071232,
   0.9999585151672363,
   -0.004989623092114925,
   -0.03127269446849823,
   0.005225540138781071,
   0.9994971752166748
  ],
  [
   0.9994439482688904,
   -0.007657729089260101,
   0.03245341405272484,
   0.007826292887330055,
   0.9999564290046692,
   -0.005070157814770937,
   -0.03241317719221115,
   0.005321328528225422,
   0.9994602799415588
  ],
  [
   0.9994001388549805,
   -0.007705869153141975,
   0.03376491367816925,
   0.007884696125984192,
   0.9999555945396423,
   -0.005166241433471441,
   -0.033723603934049606,
   0.005429368000477552,
   0.9994163513183594
  ],
  [
   0.9993599653244019,
   -0.008032458834350109,
   0.03485795855522156,
   0.008215774782001972,
   0.9999531507492065,
   -0.005118921864777803,
   -0.03481520712375641,
   0.005402030888944864,
   0.9993791580200195
  ],
  [
   0.9993146061897278,
   -0.008309184573590755,
   0.036072615534067154,
   0.008502001874148846,
   0.9999502897262573,
   -0.005195160396397114,
   -0.03602765500545502,
   0.005498289130628109,
   0.9993357062339783
  ],
  [
   0.9992666244506836,
   -0.008346699178218842,
   0.03737178072333336,
   0.008549817837774754,
   0.9999494552612305,
   -0.005278575234115124,
   -0.03732583299279213,
   0.005594225600361824,
   0.9992875456809998
  ],
  [
   0.9992202520370483,
   -0.0089000528678298,
   0.03846653178334236,
   0.009110815823078156,
   0.9999444484710693,
   -0.005307354498654604,
   -0.03841715678572655,
   0.00565367704257369,
   0.9992457628250122
  ],
  [
   0.9991667866706848,
   -0.009188339114189148,
   0.039765067398548126,
   0.00940714031457901,
   0.9999415874481201,
   -0.005318709183484316,
   -0.03971387445926666,
   0.0056883529759943485,
   0.9991949200630188
  ],
  [
   0.999108612537384,
   -0.009333595633506775,
   0.041169002652168274,
   0.009564157575368881,
   0.9999396800994873,
   -0.005406975280493498,
   -0.04111604765057564,
   0.005795902572572231,
   0.9991375207901001
  ],
  [
   0.9990540742874146,
   -0.009507773444056511,
   0.04243283346295357,
   0.009747430682182312,
   0.9999377131462097,
   -0.00544455461204052,
   -0.04237842559814453,
   0.005853015463799238,
   0.99908447265625
  ],
  [
   0.9989910125732422,
   -0.009656139649450779,
   0.04385981336236,
   0.009909692220389843,
   0.9999353289604187,
   -0.00556719396263361,
   -0.04380323365330696,
   0.005996213760226965,
   0.9990221261978149
  ],
  [
   0.998927116394043,
   -0.01003408245742321,
   0.045209914445877075,
   0.010297433473169804,
   0.999931275844574,
   -0.0055959271267056465,
   -0.04515066370368004,
   0.006055469624698162,
   0.9989618062973022
  ],
  [
   0.9988577961921692,
   -0.010457444936037064,
   0.04662276804447174,
   0.01072715874761343,
   0.9999271035194397,
   -0.005538582801818848,
   -0.046561453491449356,
   0.00603238632902503,
   0.9988971948623657
  ],
  [
   0.9987931251525879,
   -0.010724198073148727,
   0.047930989414453506,
   0.010997895151376724,
   0.9999246001243591,
   -0.005450148601084948,
   -0.04786892607808113,
   0.005970710888504982,
   0.9988357424736023
  ],
  [
   0.9987238645553589,
   -0.010985377244651318,
   0.04929487779736519,
   0.011269638314843178,
   0.9999213814735413,
   -0.005492300260812044,
   -0.049230679869651794,
   0.0060408273711800575,
   0.9987691044807434
  ],
  [
   0.9986456632614136,
   -0.011538131162524223,
   0.0507311187684536,
   0.011832627467811108,
   0.999914824962616,
   -0.005508537869900465,
   -0.050663236528635025,
   0.006101359613239765,
   0.9986971020698547
  ],
  [
   0.9985651969909668,
   -0.011868874542415142,
   0.052217572927474976,
   0.012175535783171654,
   0.9999104738235474,
   -0.005558582488447428,
   -0.052146922796964645,
   0.006186383310705423,
   0.9986202716827393
  ],
  [
   0.9984810948371887,
   -0.01214998122304678,
   0.05373860150575638,
   0.01246490515768528,
   0.9999070763587952,
   -0.005529011599719524,
   -0.05366642773151398,
   0.006190459709614515,
   0.9985396862030029
  ],
  [
   0.9983975291252136,
   -0.012375633232295513,
   0.055219974368810654,
   0.012698636390268803,
   0.999904215335846,
   -0.00550231896340847,
   -0.055146586149930954,
   0.006194720044732094,
   0.9984591007232666
  ],
  [
   0.9983159303665161,
   -0.012748952955007553,
   0.05659225955605507,
   0.013082994148135185,
   0.9998990893363953,
   -0.005536037962883711,
   -0.05651596561074257,
   0.006267111282795668,
   0.9983819723129272
  ],
  [
   0.9982286691665649,
   -0.013135083951056004,
   0.05802566185593605,
   0.013480794616043568,
   0.9998935461044312,
   -0.00557045778259635,
   -0.05794631689786911,
   0.006342823151499033,
   0.9982996582984924
  ],
  [
   0.9981402158737183,
   -0.013375286012887955,
   0.059474390000104904,
   0.013741664588451385,
   0.9998889565467834,
   -0.005755520425736904,
   -0.059390801936388016,
   0.006562093738466501,
   0.9982132911682129
  ],
  [
   0.9980531930923462,
   -0.013820765540003777,
   0.06081622093915939,
   0.014205367304384708,
   0.9998816847801208,
   -0.005896158516407013,
   -0.06072754040360451,
   0.006748597137629986,
   0.9981315732002258
  ],
  [
   0.9979416728019714,
   -0.01413317397236824,
   0.06255076080560684,
   0.014544060453772545,
   0.999875545501709,
   -0.006118379067629576,
   -0.06245649978518486,
   0.007015527691692114,
   0.9980230331420898
  ],
  [
   0.9978269338607788,
   -0.014434780925512314,
   0.06428930908441544,
   0.014860779978334904,
   0.9998706579208374,
   -0.006152999587357044,
   -0.06419218331575394,
   0.0070950184017419815,
   0.9979122281074524
  ],
  [
   0.997718095779419,
   -0.014834833331406116,
   0.0658683329820633,
   0.015276812948286533,
   0.9998641014099121,
   -0.0062114521861076355,
   -0.06576722860336304,
   0.007203536108136177,
   0.9978089928627014
  ],
  [
   0.9976078271865845,
   -0.015188539400696754,
   0.06743820756673813,
   0.015651077032089233,
   0.9998574256896973,
   -0.006335592828691006,
   -0.06733235716819763,
   0.0073759169317781925,
   0.9977033734321594
  ],
  [
   0.9974924325942993,
   -0.015552964061498642,
   0.06904318928718567,
   0.016038965433835983,
   0.9998502731323242,
   -0.006490257102996111,
   -0.06893192231655121,
   0.007581363897770643,
   0.9975925087928772
  ],
  [
   0.9973700642585754,
   -0.015837769955396652,
   0.07072631269693375,
   0.01635030284523964,
   0.9998440146446228,
   -0.006673602387309074,
   -0.07060958445072174,
   0.0078124478459358215,
   0.997473418712616
  ],
  [
   0.9972459077835083,
   -0.01617029681801796,
   0.0723823606967926,
   0.016697697341442108,
   0.9998382329940796,
   -0.006687115877866745,
   -0.07226249575614929,
   0.007877316325902939,
   0.9973545074462891
  ],
  [
   0.997113823890686,
   -0.016644492745399475,
   0.07407362759113312,
   0.017190949991345406,
   0.9998294115066528,
   -0.006745712365955114,
   -0.07394871860742569,
   0.007999639958143234,
   0.9972299933433533
  ],
  [
   0.996985673904419,
   -0.016822395846247673,
   0.07573969662189484,
   0.01737450622022152,
   0.9998270273208618,
   -0.006636483129113913,
   -0.07561495155096054,
   0.007932418957352638,
   0.9971055388450623
  ],
  [
   0.996850311756134,
   -0.017512667924165726,
   0.07734905928373337,
   0.018070189282298088,
   0.9998154044151306,
   -0.006513815838843584,
   -0.07722071558237076,
   0.00789101142436266,
   0.996982753276825
  ],
  [
   0.996702253818512,
   -0.017701655626296997,
   0.07919260859489441,
   0.018277065828442574,
   0.9998114705085754,
   -0.006546979770064354,
   -0.07906179130077362,
   0.007972798310220242,
   0.9968377351760864
  ],
  [
   0.9965623021125793,
   -0.018229035660624504,
   0.08081643283367157,
   0.01882265694439411,
   0.9998010993003845,
   -0.0065894718281924725,
   -0.0806802436709404,
   0.008088000118732452,
   0.9967072606086731
  ],
  [
   0.9964110255241394,
   -0.018508821725845337,
   0.08259889483451843,
   0.01912439614534378,
   0.9997948408126831,
   -0.006667573004961014,
   -0.08245854079723358,
   0.008223297074437141,
   0.9965606331825256
  ],
  [
   0.9962671995162964,
   -0.018935224041342735,
   0.08422055840492249,
   0.01955970749258995,
   0.9997869729995728,
   -0.006595829036086798,
   -0.08407772332429886,
   0.008218538016080856,
   0.9964253306388855
  ],
  [
   0.9961058497428894,
   -0.019495433196425438,
   0.08598250150680542,
   0.020134974271059036,
   0.9997755885124207,
   -0.006577008869498968,
   -0.08583498746156693,
   0.00828265119343996,
   0.9962749481201172
  ],
  [
   0.995945394039154,
   -0.019714374095201492,
   0.08777312189340591,
   0.02037949301302433,
   0.9997699856758118,
   -0.006687975954264402,
   -0.08762107789516449,
   0.008449630811810493,
   0.9961179494857788
  ],
  [
   0.9957928657531738,
   -0.020004065707325935,
   0.08942227065563202,
   0.02069421298801899,
   0.999762773513794,
   -0.006797295995056629,
   -0.08926507085561752,
   0.008619222790002823,
   0.995970606803894
  ],
  [
   0.9956210255622864,
   -0.020380858331918716,
   0.09123209863901138,
   0.021107232198119164,
   0.9997527003288269,
   -0.0070039937272667885,
   -0.09106679260730743,
   0.008898981846868992,
   0.995805025100708
  ],
  [
   0.9954461455345154,
   -0.020832452923059464,
   0.09302127361297607,
   0.021587872877717018,
   0.9997416138648987,
   -0.00712197320535779,
   -0.09284886717796326,
   0.009097672067582607,
   0.9956386685371399
  ],
  [
   0.9952681064605713,
   -0.021029677242040634,
   0.0948633998632431,
   0.02181827649474144,
   0.999735414981842,
   -0.007283360697329044,
   -0.0946851298213005,
   0.009318654425442219,
   0.9954636693000793
  ],
  [
   0.9950875043869019,
   -0.021417079493403435,
   0.09665489941835403,
   0.022230083122849464,
   0.999725878238678,
   -0.0073423502035439014,
   -0.0964711531996727,
   0.00945492833852768,
   0.9952908754348755
  ],
  [
   0.9949042797088623,
   -0.02170107699930668,
   0.09846124053001404,
   0.022531738504767418,
   0.9997192025184631,
   -0.007332237903028727,
   -0.09827446192502975,
   0.009513379074633121,
   0.9951139092445374
  ],
  [
   0.9947170615196228,
   -0.022159697487950325,
   0.1002347394824028,
   0.023006059229373932,
   0.9997086524963379,
   -0.007295639719814062,
   -0.1000438705086708,
   0.009563104249536991,
   0.9949370622634888
  ],
  [
   0.9945151805877686,
   -0.0223521888256073,
   0.10217513889074326,
   0.02322358638048172,
   0.9997032284736633,
   -0.007346738129854202,
   -0.10198061168193817,
   0.00967931654304266,
   0.9947393536567688
  ],
  [
   0.9943116307258606,
   -0.022749193012714386,
   0.10405251383781433,
   0.023640546947717667,
   0.9996935129165649,
   -0.0073409853503108025,
   -0.10385362058877945,
   0.00975908525288105,
   0.9945447444915771
  ],
  [
   0.9941047430038452,
   -0.02300204150378704,
   0.10595628619194031,
   0.02390626072883606,
   0.9996877312660217,
   -0.00727154640480876,
   -0.10575594007968903,
   0.009761696681380272,
   0.9943442344665527
  ],
  [
   0.9938955903053284,
   -0.023496093228459358,
   0.10779352486133575,
   0.024431809782981873,
   0.999674379825592,
   -0.0073680514469742775,
   -0.10758531093597412,
   0.009956666268408298,
   0.9941459894180298
  ],
  [
   0.9936850070953369,
   -0.023982202634215355,
   0.1096123680472374,
   0.024921199306845665,
   0.9996634721755981,
   -0.007204427383840084,
   -0.10940270125865936,
   0.00989060290157795,
   0.9939483404159546
  ],
  [
   0.9934485554695129,
   -0.02427006885409355,
   0.11167305707931519,
   0.02522178366780281,
   0.9996565580368042,
   -0.007117338944226503,
   -0.11146195232868195,
   0.009887304157018661,
   0.9937194585800171
  ],
  [
   0.9932170510292053,
   -0.02475828118622303,
   0.11360848695039749,
   0.025725098326802254,
   0.9996442794799805,
   -0.007051697000861168,
   -0.11339347064495087,
   0.009926455095410347,
   0.9935005307197571
  ],
  [
   0.9929771423339844,
   -0.025067375972867012,
   0.11562057584524155,
   0.026072168722748756,
   0.9996342658996582,
   -0.007186111994087696,
   -0.11539813876152039,
   0.010150124318897724,
   0.9932675361633301
  ],
  [
   0.9927271604537964,
   -0.025287393480539322,
   0.11770031601190567,
   0.02631419338285923,
   0.999627947807312,
   -0.007177793420851231,
   -0.11747501790523529,
   0.010222779586911201,
   0.9930232763290405
  ],
  [
   0.9924764633178711,
   -0.025742987170815468,
   0.11969872564077377,
   0.026793451979756355,
   0.9996152520179749,
   -0.007174581289291382,
   -0.11946795880794525,
   0.010327745229005814,
   0.9927843809127808
  ],
  [
   0.9922153353691101,
   -0.026068737730383873,
   0.12177494913339615,
   0.027144338935613632,
   0.9996057152748108,
   -0.007181854452937841,
   -0.12153971940279007,
   0.010431447997689247,
   0.9925317168235779
  ],
  [
   0.9919571280479431,
   -0.026355542242527008,
   0.12379997223615646,
   0.027448002249002457,
   0.9995977878570557,
   -0.007126795593649149,
   -0.12356235831975937,
   0.010467538610100746,
   0.9922814965248108
  ],
  [
   0.9916877150535583,
   -0.026731444522738457,
   0.12586075067520142,
   0.027836456894874573,
   0.9995878338813782,
   -0.0070287431590259075,
   -0.1256209760904312,
   0.010473836213350296,
   0.9920229911804199
  ],
  [
   0.9914048314094543,
   -0.027044860646128654,
   0.1280045360326767,
   0.02817719429731369,
   0.9995781183242798,
   -0.007043147925287485,
   -0.12776003777980804,
   0.01058941800147295,
   0.991748571395874
  ],
  [
   0.9911013841629028,
   -0.027352912351489067,
   0.13026873767375946,
   0.028496960178017616,
   0.9995699524879456,
   -0.006925895810127258,
   -0.1300232708454132,
   0.010576528497040272,
   0.9914546012878418
  ],
  [
   0.9908117651939392,
   -0.027580875903367996,
   0.1324062943458557,
   0.02875085175037384,
   0.9995626211166382,
   -0.006932214833796024,
   -0.13215719163417816,
   0.010675312951207161,
   0.9911713004112244
  ],
  [
   0.9905274510383606,
   -0.02810734137892723,
   0.13440768420696259,
   0.029302051290869713,
   0.9995466470718384,
   -0.006918408442288637,
   -0.13415229320526123,
   0.010791294276714325,
   0.9909020066261292
  ],
  [
   0.9902262091636658,
   -0.028547555208206177,
   0.13651780784130096,
   0.029757454991340637,
   0.9995337724685669,
   -0.006829609628766775,
   -0.13625921308994293,
   0.010825281962752342,
   0.9906141757965088
  ],
  [
   0.9899431467056274,
   -0.02903570607304573,
   0.138453871011734,
   0.03028913028538227,
   0.999517023563385,
   -0.0069541921839118,
   -0.138185054063797,
   0.011077902279794216,
   0.9903444647789001
  ],
  [
   0.9896552562713623,
   -0.02961304970085621,
   0.14037707448005676,
   0.030895516276359558,
   0.9994983673095703,
   -0.0069649312645196915,
   -0.1401004046201706,
   0.011229902505874634,
   0.990073561668396
  ],
  [
   0.9893319010734558,
   -0.029890146106481552,
   0.14257998764514923,
   0.031206687912344933,
   0.999488353729248,
   -0.007006003987044096,
   -0.1422976404428482,
   0.011380711570382118,
   0.9897584915161133
  ],
  [
   0.9890159964561462,
   -0.03026256151497364,
   0.14467725157737732,
   0.031606342643499374,
   0.9994759559631348,
   -0.006998169235885143,
   -0.14438964426517487,
   0.011494020000100136,
   0.9894541501998901
  ],
  [
   0.9886752367019653,
   -0.030560150742530823,
   0.14692628383636475,
   0.03192732483148575,
   0.9994660019874573,
   -0.006955359131097794,
   -0.1466352641582489,
   0.01156755443662405,
   0.9891230463981628
  ],
  [
   0.9883571863174438,
   -0.030897922813892365,
   0.14898094534873962,
   0.03230029717087746,
   0.999453604221344,
   -0.0070021688006818295,
   -0.14868322014808655,
   0.011732772924005985,
   0.9888153672218323
  ],
  [
   0.987995982170105,
   -0.03109278343617916,
   0.15131808817386627,
   0.03250833973288536,
   0.9994477033615112,
   -0.006889446638524532,
   -0.15102030336856842,
   0.011725845746695995,
   0.9884611368179321
  ],
  [
   0.987665593624115,
   -0.03154248371720314,
   0.15336807072162628,
   0.03298908844590187,
   0.9994319677352905,
   -0.006896003149449825,
   -0.15306344628334045,
   0.011870418675243855,
   0.9881449937820435
  ],
  [
   0.9873101711273193,
   -0.03177862986922264,
   0.15559150278568268,
   0.033279094845056534,
   0.999421238899231,
   -0.007047632709145546,
   -0.15527750551700592,
   0.012136143632233143,
   0.9877963066101074
  ],
  [
   0.9869509935379028,
   -0.031997036188840866,
   0.15780948102474213,
   0.03351091220974922,
   0.9994142651557922,
   -0.006940900813788176,
   -0.15749496221542358,
   0.012138668447732925,
   0.9874452352523804
  ],
  [
   0.9865987300872803,
   -0.032323770225048065,
   0.15993142127990723,
   0.03383173048496246,
   0.9994049668312073,
   -0.006714140996336937,
   -0.15961921215057373,
   0.012034920044243336,
   0.9871052503585815
  ],
  [
   0.9862393736839294,
   -0.03267793357372284,
   0.1620616465806961,
   0.03420550748705864,
   0.9993927478790283,
   -0.006643930450081825,
   -0.16174612939357758,
   0.012095905840396881,
   0.9867581725120544
  ],
  [
   0.9858912229537964,
   -0.03314585983753204,
   0.16407260298728943,
   0.034646809101104736,
   0.9993798136711121,
   -0.006294061429798603,
   -0.16376224160194397,
   0.011889852583408356,
   0.9864280819892883
  ],
  [
   0.985514760017395,
   -0.03341594338417053,
   0.16626514494419098,
   0.034910596907138824,
   0.9993719458580017,
   -0.006074317265301943,
   -0.1659577637910843,
   0.01179074589163065,
   0.9860624670982361
  ],
  [
   0.9851298332214355,
   -0.03341234102845192,
   0.16853126883506775,
   0.03491809219121933,
   0.9993723034858704,
   -0.005978022236377001,
   -0.1682257503271103,
   0.011773917824029922,
   0.9856781363487244
  ],
  [
   0.9847307205200195,
   -0.03364389017224312,
   0.17080219089984894,
   0.03516785800457001,
   0.9993639588356018,
   -0.005903803743422031,
   -0.1704949289560318,
   0.011820404790341854,
   0.9852876663208008
  ],
  [
   0.9843133687973022,
   -0.03402071073651314,
   0.17311787605285645,
   0.03555063530802727,
   0.9993513822555542,
   -0.005743611138314009,
   -0.1728101521730423,
   0.011807963252067566,
   0.9848843812942505
  ],
  [
   0.9838724136352539,
   -0.03415406122803688,
   0.17558088898658752,
   0.03571081906557083,
   0.9993457198143005,
   -0.005713421385735273,
   -0.17527088522911072,
   0.01189141534268856,
   0.9844485521316528
  ],
  [
   0.9834874868392944,
   -0.03434089198708534,
   0.1776881366968155,
   0.03591139614582062,
   0.9993391633033752,
   -0.005629018880426884,
   -0.17737741768360138,
   0.011917098425328732,
   0.9840707778930664
  ],
  [
   0.9830825924873352,
   -0.034959401935338974,
   0.17979532480239868,
   0.036543041467666626,
   0.999316930770874,
   -0.005502420011907816,
   -0.17948013544082642,
   0.011979601345956326,
   0.9836885929107666
  ],
  [
   0.982646644115448,
   -0.03528503328561783,
   0.18210045993328094,
   0.03691212832927704,
   0.9993029832839966,
   -0.00555263040587306,
   -0.18177759647369385,
   0.012177988886833191,
   0.9832642674446106
  ],
  [
   0.9821996688842773,
   -0.03549547865986824,
   0.18445540964603424,
   0.037117235362529755,
   0.9992966055870056,
   -0.005345582962036133,
   -0.18413592875003815,
   0.012096905149519444,
   0.982826292514801
  ],
  [
   0.981796145439148,
   -0.035822998732328415,
   0.18652883172035217,
   0.03745073452591896,
   0.9992849230766296,
   -0.005208852235227823,
   -0.18620887398719788,
   0.0120996730402112,
   0.9824355840682983
  ],
  [
   0.9813751578330994,
   -0.03632247447967529,
   0.18863555788993835,
   0.03793445974588394,
   0.9992680549621582,
   -0.004941014107316732,
   -0.18831801414489746,
   0.012004777789115906,
   0.9820348024368286
  ],
  [
   0.980933666229248,
   -0.03645111620426178,
   0.19089391827583313,
   0.03805876895785332,
   0.999264121055603,
   -0.004760941490530968,
   -0.19057989120483398,
   0.011935356073081493,
   0.9815991520881653
  ],
  [
   0.9804762601852417,
   -0.036701589822769165,
   0.1931823045015335,
   0.038331180810928345,
   0.9992539882659912,
   -0.004703356884419918,
   -0.19286558032035828,
   0.012016437016427517,
   0.9811516404151917
  ],
  [
   0.9800458550453186,
   -0.037117209285497665,
   0.19527533650398254,
   0.03874775022268295,
   0.9992387294769287,
   -0.0045351870357990265,
   -0.19495834410190582,
   0.012011170387268066,
   0.9807379841804504
  ],
  [
   0.9795941114425659,
   -0.037398483604192734,
   0.197475865483284,
   0.03903006389737129,
   0.9992283582687378,
   -0.004375149495899677,
   -0.19715988636016846,
   0.011993367224931717,
   0.9802979826927185
  ],
  [
   0.9791237115859985,
   -0.03760753944516182,
   0.19975608587265015,
   0.03924354910850525,
   0.9992207288742065,
   -0.004235460422933102,
   -0.19944113492965698,
   0.01198617648333311,
   0.9798364043235779
  ],
  [
   0.9786791205406189,
   -0.037867505103349686,
   0.20187407732009888,
   0.03951321542263031,
   0.9992104768753052,
   -0.004127072170376778,
   -0.2015584260225296,
   0.012015772052109241,
   0.9794028401374817
  ],
  [
   0.9782136082649231,
   -0.03813507407903671,
   0.20406824350357056,
   0.03977300971746445,
   0.9992010593414307,
   -0.003929521888494492,
   -0.20375534892082214,
   0.011960319243371487,
   0.9789487719535828
  ],
  [
   0.9777684211730957,
   -0.03873654082417488,
   0.2060788869857788,
   0.04037443548440933,
   0.9991776347160339,
   -0.0037469309754669666,
   -0.2057642638683319,
   0.01198395062237978,
   0.9785282015800476
  ],
  [
   0.977304220199585,
   -0.03938398137688637,
   0.2081473171710968,
   0.040983039885759354,
   0.9991540908813477,
   -0.0033737062476575375,
   -0.20783837139606476,
   0.011827648617327213,
   0.9780916571617126
  ],
  [
   0.9768415689468384,
   -0.039638981223106384,
   0.2102600634098053,
   0.04121518135070801,
   0.9991454482078552,
   -0.003118018386885524,
   -0.20995676517486572,
   0.011711717583239079,
   0.9776405096054077
  ],
  [
   0.9763924479484558,
   -0.040158603340387344,
   0.21223844587802887,
   0.04172370582818985,
   0.9991248846054077,
   -0.0028988313861191273,
   -0.2119363248348236,
   0.011685771867632866,
   0.9772136211395264
  ],
  [
   0.9759137034416199,
   -0.040453873574733734,
   0.21437351405620575,
   0.04200403019785881,
   0.999113917350769,
   -0.0026788744144141674,
   -0.21407519280910492,
   0.011618902906775475,
   0.9767480492591858
  ],
  [
   0.975406289100647,
   -0.040798120200634,
   0.2166057974100113,
   0.04234285652637482,
   0.9991000294685364,
   -0.0024934010580182076,
   -0.21630914509296417,
   0.01160378847271204,
   0.9762559533119202
  ],
  [
   0.9749279022216797,
   -0.04110249876976013,
   0.21869222819805145,
   0.04262777417898178,
   0.9990885257720947,
   -0.0022587531711906195,
   -0.2184000313282013,
   0.011524483561515808,
   0.9757912158966064
  ],
  [
   0.9744310975074768,
   -0.04144221171736717,
   0.22083157300949097,
   0.042956843972206116,
   0.9990748763084412,
   -0.002058659214526415,
   -0.22054195404052734,
   0.011492251418530941,
   0.9753097295761108
  ],
  [
   0.9739307761192322,
   -0.041643060743808746,
   0.22299017012119293,
   0.043174829334020615,
   0.9990655183792114,
   -0.001996234292164445,
   -0.22269867360591888,
   0.01157175749540329,
   0.9748186469078064
  ],
  [
   0.9734362363815308,
   -0.041983745992183685,
   0.22507606446743011,
   0.04352208971977234,
   0.9990506768226624,
   -0.0018753149779513478,
   -0.22478367388248444,
   0.011621279641985893,
   0.9743393659591675
  ],
  [
   0.9729472994804382,
   -0.04233352839946747,
   0.22711552679538727,
   0.04385799914598465,
   0.999036431312561,
   -0.0016678163083270192,
   -0.22682607173919678,
   0.011583531275391579,
   0.9738664627075195
  ],
  [
   0.9724406599998474,
   -0.04262113943696022,
   0.22922135889530182,
   0.044123802334070206,
   0.9990251064300537,
   -0.0014318242901936173,
   -0.2289368212223053,
   0.011506482027471066,
   0.973373293876648
  ],
  [
   0.9719483852386475,
   -0.04292650893330574,
   0.23124364018440247,
   0.04442734271287918,
   0.9990118145942688,
   -0.001284342841245234,
   -0.23095999658107758,
   0.011521854437887669,
   0.972895085811615
  ],
  [
   0.9714434742927551,
   -0.043069906532764435,
   0.23332951962947845,
   0.04453950375318527,
   0.9990070462226868,
   -0.0010305618634447455,
   -0.23305346071720123,
   0.011393514461815357,
   0.9723972082138062
  ],
  [
   0.9709542989730835,
   -0.04348156973719597,
   0.23528078198432922,
   0.04491475969552994,
   0.998990535736084,
   -0.0007331891683861613,
   -0.23501138389110565,
   0.011279473081231117,
   0.9719271659851074
  ],
  [
   0.9704821109771729,
   -0.04374384507536888,
   0.23717297613620758,
   0.045209579169750214,
   0.9989771842956543,
   -0.0007420016336254776,
   -0.23689794540405273,
   0.011442591436207294,
   0.971467137336731
  ],
  [
   0.9699993133544922,
   -0.043924253433942795,
   0.2391066998243332,
   0.045392509549856186,
   0.9989690780639648,
   -0.0006345745059661567,
   -0.23883233964443207,
   0.011469190008938313,
   0.9709930419921875
  ],
  [
   0.9695050716400146,
   -0.04411325231194496,
   0.24106818437576294,
   0.045600757002830505,
   0.9989596009254456,
   -0.0005924060824327171,
   -0.24079124629497528,
   0.011567231267690659,
   0.9705079793930054
  ],
  [
   0.9689971804618835,
   -0.044733677059412,
   0.2429884523153305,
   0.046234410256147385,
   0.9989305138587952,
   -0.00047400547191500664,
   -0.24270732700824738,
   0.011693736538290977,
   0.9700291156768799
  ],
  [
   0.9684916138648987,
   -0.04518609866499901,
   0.24491268396377563,
   0.04672617092728615,
   0.9989076256752014,
   -0.00047840885235928,
   -0.24462351202964783,
   0.011907166801393032,
   0.9695450067520142
  ],
  [
   0.9679876565933228,
   -0.04551243036985397,
   0.24683722853660583,
   0.04705022647976875,
   0.9988924264907837,
   -0.0003322637639939785,
   -0.24654874205589294,
   0.011935374699532986,
   0.969057023525238
  ],
  [
   0.9674678444862366,
   -0.04570584371685982,
   0.24883098900318146,
   0.047239046543836594,
   0.9988836050033569,
   -0.0001906615507323295,
   -0.24854451417922974,
   0.011938999406993389,
   0.9685469269752502
  ],
  [
   0.9669514894485474,
   -0.045990411192178726,
   0.2507781386375427,
   0.04747802019119263,
   0.9988722205162048,
   0.00011804691166616976,
   -0.25050073862075806,
   0.011792303062975407,
   0.9680445194244385
  ],
  [
   0.9664604067802429,
   -0.04623537138104439,
   0.2526194453239441,
   0.04769928753376007,
   0.9988617897033691,
   0.00032959700911305845,
   -0.25234711170196533,
   0.0117312241345644,
   0.9675657153129578
  ],
  [
   0.9659736156463623,
   -0.04647945240139961,
   0.25443002581596375,
   0.047903988510370255,
   0.9988516569137573,
   0.0005977849359624088,
   -0.2541656494140625,
   0.011610768735408783,
   0.9670909643173218
  ],
  [
   0.9654883146286011,
   -0.04688392952084541,
   0.2561917006969452,
   0.04828593134880066,
   0.9988331198692322,
   0.0008186272461898625,
   -0.25593113899230957,
   0.011580077931284904,
   0.9666256308555603
  ],
  [
   0.9650197625160217,
   -0.04708494618535042,
   0.2579142451286316,
   0.04848866909742355,
   0.998823344707489,
   0.0009189365664497018,
   -0.2576540410518646,
   0.011619129218161106,
   0.9661673307418823
  ],
  [
   0.9645642638206482,
   -0.04730655625462532,
   0.2595726549625397,
   0.04872724786400795,
   0.9988116025924683,
   0.0009622792131267488,
   -0.25930970907211304,
   0.011720079928636551,
   0.9657232165336609
  ],
  [
   0.9640964865684509,
   -0.04757530614733696,
   0.2612556219100952,
   0.049002185463905334,
   0.9987980723381042,
   0.001053728279657662,
   -0.26099181175231934,
   0.01178620383143425,
   0.9652690291404724
  ],
  [
   0.9636504054069519,
   -0.048020076006650925,
   0.2628153860569,
   0.04944072291254997,
   0.9987762570381165,
   0.001209002686664462,
   -0.26255184412002563,
   0.011828728020191193,
   0.9648454189300537
  ],
  [
   0.9631235599517822,
   -0.048168957233428955,
   0.26471245288848877,
   0.04962876811623573,
   0.9987671375274658,
