{
 "rotation": [
  [
   0.9999999403953552,
   0.00017799733905121684,
   6.34389798506163e-05,
   -0.00017799358465708792,
   1.0,
   -5.9445555962156504e-05,
   -6.344955909298733e-05,
   5.943426367593929e-05,
   1.0
  ],
  [
   0.9999999403953552,
   0.00023299569147638977,
   0.00021968581131659448,
   -0.00023297063307836652,
   1.0,
   -0.00011409273429308087,
   -0.00021971241221763194,
   0.00011404154065530747,
   1.0
  ],
  [
   0.9999998807907104,
   0.00022590244770981371,
   0.00043771008495241404,
   -0.00022581993835046887,
   0.9999999403953552,
   -0.00018854350491892546,
   -0.0004377526929602027,
   0.00018844463920686394,
   0.9999998807907104
  ],
  [
   0.9999997615814209,
   0.0001982356479857117,
   0.0006049454095773399,
   -0.0001981260284082964,
   0.9999999403953552,
   -0.0001812926639104262,
   -0.0006049812654964626,
   0.00018117277068085968,
   0.9999997615814209
  ],
  [
   0.9999995827674866,
   0.0001991585741052404,
   0.0008966305176727474,
   -0.0001989196753129363,
   0.9999999403953552,
   -0.0002665212959982455,
   -0.0008966835448518395,
   0.0002663428313098848,
   0.9999995231628418
  ],
  [
   0.9999994039535522,
   0.0001222438004333526,
   0.0010845776414498687,
   -0.00012191976566100493,
   1.0,
   -0.0002988294290844351,
   -0.0010846140794456005,
   0.0002986970357596874,
   0.9999994039535522
  ],
  [
   0.9999992251396179,
   0.00018062985327560455,
   0.0012208305997774005,
   -0.00018016451213043183,
   0.9999998807907104,
   -0.0003812824434135109,
   -0.001220899517647922,
   0.00038106224383227527,
   0.9999991655349731
  ],
  [
   0.9999991059303284,
   0.0002799722133204341,
   0.0013076418545097113,
   -0.00027942925225943327,
   0.9999998807907104,
   -0.00041541585233062506,
   -0.0013077580370008945,
   0.00041505013359710574,
   0.9999991655349731
  ],
  [
   0.9999988675117493,
   0.00033777247881516814,
   0.0014666904462501407,
   -0.00033701545908115804,
   0.9999998211860657,
   -0.0005163485184311867,
   -0.0014668647199869156,
   0.0005158536368981004,
   0.9999988079071045
  ],
  [
   0.9999984502792358,
   0.0003485003253445029,
   0.0017240860033780336,
   -0.0003475244448054582,
   0.9999998211860657,
   -0.0005662599578499794,
   -0.001724282861687243,
   0.0005656598368659616,
   0.9999983310699463
  ],
  [
   0.9999982714653015,
   0.00019231336773373187,
   0.0018410537159070373,
   -0.00019136177434120327,
   0.9999998807907104,
   -0.0005170356598682702,
   -0.0018411530181765556,
   0.0005166824557818472,
   0.9999982118606567
  ],
  [
   0.9999977350234985,
   0.0002465251600369811,
   0.00209701806306839,
   -0.00024538530851714313,
   0.9999998211860657,
   -0.000543789763469249,
   -0.002097151707857847,
   0.0005432740435935557,
   0.9999977350234985
  ],
  [
   0.9999971389770508,
   0.00037770855124108493,
   0.0023607141338288784,
   -0.0003765152650885284,
   0.9999998211860657,
   -0.0005059087998233736,
   -0.002360904822126031,
   0.000505018571857363,
   0.9999971389770508
  ],
  [
   0.9999966025352478,
   0.0004174736386630684,
   0.0025864054914563894,
   -0.00041612840141169727,
   0.9999997615814209,
   -0.0005206393543630838,
   -0.002586622256785631,
   0.0005195612320676446,
   0.999996542930603
  ],
  [
   0.9999958872795105,
   0.0004806507204193622,
   0.0028299472760409117,
   -0.00047917579649947584,
   0.9999997019767761,
   -0.0005218574078753591,
   -0.0028301978018134832,
   0.0005204991903156042,
   0.9999958276748657
  ],
  [
   0.999995231628418,
   0.0004788025689776987,
   0.003040272044017911,
   -0.0004770329687744379,
   0.9999997019767761,
   -0.0005827633431181312,
   -0.003040550509467721,
   0.0005813103052787483,
   0.9999951124191284
  ],
  [
   0.9999947547912598,
   0.000364172417903319,
   0.003220782382413745,
   -0.00036213244311511517,
   0.9999997019767761,
   -0.0006339352112263441,
   -0.003221012419089675,
   0.0006327654700726271,
   0.9999946355819702
  ],
  [
   0.999994158744812,
   0.0002975899260491133,
   0.003405747003853321,
   -0.00029563435236923397,
   0.9999998211860657,
   -0.0005746845854446292,
   -0.003405917203053832,
   0.000573674391489476,
   0.9999940395355225
  ],
  [
   0.9999934434890747,
   0.0002679793688002974,
   0.003600994823500514,
   -0.000266271032160148,
   0.9999998211860657,
   -0.0004748685169033706,
   -0.0036011217162013054,
   0.0004739066062029451,
   0.9999934434890747
  ],
  [
   0.999992311000824,
   0.0003070240782108158,
   0.003904851619154215,
   -0.0003052250249311328,
   0.9999998211860657,
   -0.0004613195196725428,
   -0.0039049929473549128,
   0.00046012416714802384,
   0.9999922513961792
  ],
  [
   0.999990701675415,
   0.0005653260741382837,
   0.004286111332476139,
   -0.0005626225029118359,
   0.9999996423721313,
   -0.000631983217317611,
   -0.0042864675633609295,
   0.0006295657949522138,
   0.9999905824661255
  ],
  [
   0.9999899864196777,
   0.0004240183625370264,
   0.0044569228775799274,
   -0.00042139325523748994,
   0.9999997019767761,
   -0.0005899253883399069,
   -0.004457172006368637,
   0.0005880414391867816,
   0.9999898672103882
  ],
  [
   0.9999887347221375,
   0.00035774047137238085,
   0.004731069318950176,
   -0.00035488823777996004,
   0.9999997615814209,
   -0.0006036918493919075,
   -0.004731283988803625,
   0.0006020060973241925,
   0.9999886751174927
  ],
  [
   0.9999876618385315,
   0.000293099059490487,
   0.004961768630892038,
   -0.0002901648113038391,
   0.9999998211860657,
   -0.000592089956626296,
   -0.004961941856890917,
   0.0005906428559683263,
   0.9999874830245972
  ],
  [
   0.9999863505363464,
   0.0003159863699693233,
   0.005221138708293438,
   -0.00031279269023798406,
   0.9999997615814209,
   -0.0006124875508248806,
   -0.005221331492066383,
   0.0006108460365794599,
   0.9999861717224121
  ],
  [
   0.9999849200248718,
   0.0004774858825840056,
   0.005470778327435255,
   -0.0004741773591376841,
   0.9999997019767761,
   -0.0006060501909814775,
   -0.0054710665717720985,
   0.0006034469697624445,
   0.999984860420227
  ],
  [
   0.9999828338623047,
   0.0005774395540356636,
   0.00582909444347024,
   -0.0005736849270761013,
   0.9999995827674866,
   -0.0006457698182202876,
   -0.005829465575516224,
   0.0006424146122299135,
   0.9999828338623047
  ],
  [
   0.9999812841415405,
   0.00046416392433457077,
   0.006092650815844536,
   -0.00046072862460277975,
   0.9999997019767761,
   -0.0005652292747981846,
   -0.0060929120518267155,
   0.0005624116747640073,
   0.9999812841415405
  ],
  [
   0.9999799728393555,
   0.00041345105273649096,
   0.006308738607913256,
   -0.0004102868842892349,
   0.9999998211860657,
   -0.0005028476007282734,
   -0.006308944895863533,
   0.0005002490943297744,
   0.9999799728393555
  ],
  [
   0.9999784231185913,
   0.00034539771149866283,
   0.006559956353157759,
   -0.0003426572948228568,
   0.9999998211860657,
   -0.00041887303814291954,
   -0.006560100242495537,
   0.0004166161816101521,
   0.9999784231185913
  ],
  [
   0.9999774098396301,
   4.6864908654242754e-05,
   0.006722550373524427,
   -4.438591349753551e-05,
   0.9999999403953552,
   -0.0003689074655994773,
   -0.006722567602992058,
   0.0003686007403302938,
   0.9999773502349854
  ],
  [
   0.9999760985374451,
   -7.082017691573128e-05,
   0.006915184669196606,
   7.374706910923123e-05,
   0.9999999403953552,
   -0.000423001911258325,
   -0.006915154866874218,
   0.0004235017404425889,
   0.9999759197235107
  ],
  [
   0.9999738931655884,
   -0.00013604674313683063,
   0.007227536290884018,
   0.00013995669723954052,
   0.9999998807907104,
   -0.0005404773983173072,
   -0.007227461785078049,
   0.0005414748447947204,
   0.9999737739562988
  ],
  [
   0.9999722242355347,
   -0.0002984926977660507,
   0.007441399153321981,
   0.0003017778508365154,
   0.9999998211860657,
   -0.0004403464263305068,
   -0.007441266905516386,
   0.000442579883383587,
   0.9999721050262451
  ],
  [
   0.9999712705612183,
   -0.00027723077801056206,
   0.007575105410069227,
   0.0002797098131850362,
   0.9999999403953552,
   -0.0003262001264374703,
   -0.007575014606118202,
   0.00032830960117280483,
   0.9999712705612183
  ],
  [
   0.9999688267707825,
   -3.275640483479947e-05,
   0.007901550270617008,
   3.646761615527794e-05,
   0.9999998807907104,
   -0.0004695383249782026,
   -0.00790153443813324,
   0.00046981178456917405,
   0.9999686479568481
  ],
  [
   0.9999678134918213,
   -7.287472544703633e-05,
   0.00802419800311327,
   7.570196612505242e-05,
   0.9999999403953552,
   -0.0003520364116411656,
   -0.008024170994758606,
   0.0003526325454004109,
   0.9999676942825317
  ],
  [
   0.999966025352478,
   4.337096106610261e-05,
   0.008237975649535656,
   -3.943322371924296e-05,
   0.9999998807907104,
   -0.00047816033475100994,
   -0.008237995207309723,
   0.0004778192669618875,
   0.9999659061431885
  ],
  [
   0.9999637603759766,
   -7.284547791641671e-06,
   0.008508825674653053,
   9.898672033159528e-06,
   0.9999999403953552,
   -0.00030718283960595727,
   -0.00850882288068533,
   0.0003072559484280646,
   0.9999637603759766
  ],
  [
   0.9999606013298035,
   0.00024508367641828954,
   0.008877653628587723,
   -0.00024153082631528378,
   0.9999998807907104,
   -0.0004012713907286525,
   -0.008877751417458057,
   0.00039911133353598416,
   0.9999605417251587
  ],
  [
   0.9999585151672363,
   0.00025829640799202025,
   0.009104767814278603,
   -0.0002547982439864427,
   0.9999999403953552,
   -0.0003853703965432942,
   -0.009104865603148937,
   0.0003830345522146672,
   0.9999585151672363
  ],
  [
   0.9999554753303528,
   0.00027696366305463016,
   0.00942888855934143,
   -0.0002742269716691226,
   0.9999999403953552,
   -0.00029154017101973295,
   -0.009428968653082848,
   0.0002889415482059121,
   0.9999555349349976
  ],
  [
   0.9999533891677856,
   0.00024144910275936127,
   0.009648829698562622,
   -0.00023872194287832826,
   0.9999999403953552,
   -0.00028379351715557277,
   -0.009648899547755718,
   0.00028147693956270814,
   0.9999533891677856
  ],
  [
   0.9999505877494812,
   0.00043817440746352077,
   0.009930945001542568,
   -0.0004350030212663114,
   0.9999997615814209,
   -0.0003215064643882215,
   -0.00993108469992876,
   0.00031717060483060777,
   0.999950647354126
  ],
  [
   0.9999491572380066,
   0.0006174025475047529,
   0.010067458264529705,
   -0.0006143205682747066,
   0.9999997615814209,
   -0.000309233641019091,
   -0.010067647323012352,
   0.0003030332736670971,
   0.9999492168426514
  ],
  [
   0.9999486207962036,
   0.0004266994947101921,
   0.010131526738405228,
   -0.00042608214425854385,
   0.9999998807907104,
   -6.309404852800071e-05,
   -0.010131552815437317,
   5.8773945056600496e-05,
   0.9999486207962036
  ],
  [
   0.9999450445175171,
   0.0002644594060257077,
   0.010481406934559345,
   -0.0002651675313245505,
   1.0,
   6.616923201363534e-05,
   -0.010481389239430428,
   -6.894492253195494e-05,
   0.9999450445175171
  ],
  [
   0.999943733215332,
   0.0002416988427285105,
   0.010605658404529095,
   -0.00024105061311274767,
   1.0,
   -6.23978630756028e-05,
   -0.010605673305690289,
   5.9837861044798046e-05,
   0.999943733215332
  ],
  [
   0.9999449253082275,
   7.320127770071849e-05,
   0.010498374700546265,
   -7.4139388743788e-05,
   1.0,
   8.896808867575601e-05,
   -0.010498369112610817,
   -8.974153752205893e-05,
   0.9999449253082275
  ],
  [
   0.9999433159828186,
   -0.0003458927967585623,
   0.01064095925539732,
   0.00034686847357079387,
   0.9999998807907104,
   -8.984469604911283e-05,
   -0.010640927590429783,
   9.353060158900917e-05,
   0.9999433755874634
  ],
  [
   0.9999573826789856,
   -0.0012225506361573935,
   0.009150827303528786,
   0.0012188670225441456,
   0.9999991059303284,
   0.0004081138758920133,
   -0.009151318110525608,
   -0.0003969428362324834,
   0.9999580383300781
  ],
  [
   0.9999365210533142,
   0.0003090441459789872,
   0.011262009851634502,
   -0.0003087095683440566,
   1.0,
   -3.145057780784555e-05,
   -0.011262018233537674,
   2.797188972181175e-05,
   0.999936580657959
  ],
  [
   0.9999345541000366,
   0.0003719133383128792,
   0.011437445878982544,
   -0.00037126385723240674,
   0.9999998807907104,
   -5.8909281506203115e-05,
   -0.011437468230724335,
   5.465911817736924e-05,
   0.9999345541000366
  ],
  [
   0.999931812286377,
   0.0004880173655692488,
   0.011668003164231777,
   -0.000489243131596595,
   0.9999998807907104,
   0.00010219939576927572,
   -0.011667951941490173,
   -0.000107900908915326,
   0.9999319314956665
  ],
  [
   0.9999290108680725,
   0.0006045406917110085,
   0.011897044256329536,
   -0.0006067681242711842,
   0.9999997019767761,
   0.00018361867114435881,
   -0.011896930634975433,
   -0.0001908243866637349,
   0.9999293088912964
  ],
  [
   0.9999268651008606,
   0.0006243733805604279,
   0.012075887061655521,
   -0.0006268688593991101,
   0.9999998211860657,
   0.00020285662321839482,
   -0.01207575760781765,
   -0.00021041180298198014,
   0.9999271631240845
  ],
  [
   0.9999244809150696,
   0.0007246012683026493,
   0.012271476909518242,
   -0.0007278891862370074,
   0.9999997019767761,
   0.00026346868253313005,
   -0.012271281331777573,
   -0.0002723810903262347,
   0.9999246597290039
  ],
  [
   0.9999210834503174,
   0.0007785395137034357,
   0.012536292895674706,
   -0.0007822163170203567,
   0.9999997019767761,
   0.0002883882261812687,
   -0.0125360656529665,
   -0.00029817153699696064,
   0.9999213218688965
  ],
  [
   0.9999188780784607,
   0.0008575700921937823,
   0.01271231472492218,
   -0.0008623023168183863,
   0.9999995231628418,
   0.00036677971365861595,
   -0.012711994349956512,
   -0.0003777118108700961,
   0.9999191761016846
  ],
  [
   0.9999181032180786,
   0.0006373952492140234,
   0.012779055163264275,
   -0.00064384302822873,
   0.9999997615814209,
   0.0005004472914151847,
   -0.012778733856976032,
   -0.0005086339078843594,
   0.9999182224273682
  ],
  [
   0.9999170899391174,
   0.0006340962718240917,
   0.012861975468695164,
   -0.0006400003330782056,
   0.9999996423721313,
   0.0004549110890366137,
   -0.012861683964729309,
   -0.0004631050396710634,
   0.9999171495437622
  ],
  [
   0.9999138116836548,
   0.0008448284934274852,
   0.013101194985210896,
   -0.0008494744542986155,
   0.9999995231628418,
   0.00034905908978544176,
   -0.013100894168019295,
   -0.00036015818477608263,
   0.9999141693115234
  ],
  [
   0.9999104142189026,
   0.0009683925891295075,
   0.013349708169698715,
   -0.0009733651531860232,
   0.9999995231628418,
   0.00036599772283807397,
   -0.013349346816539764,
   -0.0003789590555243194,
   0.999910831451416
  ],
  [
   0.9999093413352966,
   0.0007567843422293663,
   0.01344606839120388,
   -0.0007641328265890479,
   0.9999995827674866,
   0.0005413874750956893,
   -0.013445653021335602,
   -0.0005516129895113409,
   0.9999094009399414
  ],
  [
   0.9999064207077026,
   0.0009384055738337338,
   0.013650313019752502,
   -0.0009457798441872001,
   0.999999463558197,
   0.0005337776965461671,
   -0.013649804517626762,
   -0.0005466379807330668,
   0.9999067783355713
  ],
  [
   0.9999037384986877,
   0.0011304914951324463,
   0.013828313909471035,
   -0.0011385339312255383,
   0.9999991655349731,
   0.0005737239844165742,
   -0.013827654533088207,
   -0.0005894126952625811,
   0.9999041557312012
  ],
  [
   0.9999017119407654,
   0.0011585855390876532,
   0.01396956667304039,
   -0.0011672773398458958,
   0.9999991655349731,
   0.0006140584009699523,
   -0.01396884210407734,
   -0.0006303044501692057,
   0.9999022483825684
  ],
  [
   0.9999001026153564,
   0.0012169694527983665,
   0.014083248563110828,
   -0.0012258714996278286,
   0.9999989867210388,
   0.0006234965403564274,
   -0.014082477428019047,
   -0.0006406984175555408,
   0.9999006986618042
  ],
  [
   0.9998988509178162,
   0.0012410624185577035,
   0.014171859249472618,
   -0.0012506715720519423,
   0.999998927116394,
   0.0006691997987218201,
   -0.014171015471220016,
   -0.0006868565105833113,
   0.9998993873596191
  ],
  [
   0.9998971223831177,
   0.00127121910918504,
   0.014287441037595272,
   -0.0012816950911656022,
   0.9999988675117493,
   0.0007241089479066432,
   -0.014286505989730358,
   -0.0007423465722240508,
   0.9998975992202759
  ],
  [
   0.999895453453064,
   0.0013156821951270103,
   0.014399021863937378,
   -0.001327215344645083,
   0.9999987483024597,
   0.0007914371090009809,
   -0.01439796295017004,
   -0.0008104650769382715,
   0.9998960494995117
  ],
  [
   0.9998949766159058,
   0.0012305965647101402,
   0.01444022823125124,
   -0.001243250211700797,
   0.9999988675117493,
   0.0008673242991790175,
   -0.014439144171774387,
   -0.000885186018422246,
   0.999895453453064
  ],
  [
   0.9998910427093506,
   0.00140282791107893,
   0.01469231117516756,
   -0.001415491453371942,
   0.9999986886978149,
   0.0008515458321198821,
   -0.014691097661852837,
   -0.000872249947860837,
   0.9998917579650879
  ],
  [
   0.9998891949653625,
   0.0015423547010868788,
   0.014803638681769371,
   -0.0015566737856715918,
   0.9999983310699463,
   0.0009557934827171266,
   -0.014802140183746815,
   -0.0009787321323528886,
   0.9998899698257446
  ],
  [
   0.999889075756073,
   0.0013649025931954384,
   0.014831103384494781,
   -0.0013815450947731733,
   0.9999983906745911,
   0.0011119494447484612,
   -0.014829562976956367,
   -0.0011323160724714398,
   0.9998893737792969
  ],
  [
   0.9998868703842163,
   0.0015067559434100986,
   0.014968134462833405,
   -0.001524221384897828,
   0.999998152256012,
   0.0011554937809705734,
   -0.01496636588126421,
   -0.001178177772089839,
   0.9998873472213745
  ],
  [
   0.9998854398727417,
   0.0016027241945266724,
   0.015051084570586681,
   -0.0016211897600442171,
   0.9999979138374329,
   0.001214739982970059,
   -0.015049106441438198,
   -0.001239001634530723,
   0.9998859167098999
  ],
  [
   0.999883770942688,
   0.0016928247641772032,
   0.015152950771152973,
   -0.0017133676446974277,
   0.9999976754188538,
   0.001342813135124743,
   -0.015150642953813076,
   -0.0013686196180060506,
   0.9998842477798462
  ],
  [
   0.9998814463615417,
   0.0017169108614325523,
   0.015304768458008766,
   -0.001740156440064311,
   0.9999973177909851,
   0.0015056555857881904,
   -0.0153021439909935,
   -0.0015321096871048212,
   0.9998817443847656
  ],
  [
   0.9998797178268433,
   0.0017652027308940887,
   0.015411308966577053,
   -0.001790982554666698,
   0.9999969601631165,
   0.0016591472085565329,
   -0.015408335253596306,
   -0.001686548930592835,
   0.9998799562454224
  ],
  [
   0.999876856803894,
   0.0018598648020997643,
   0.015584723092615604,
   -0.0018891580402851105,
   0.9999964833259583,
   0.001865085680037737,
   -0.015581200830638409,
   -0.0018942978931590915,
   0.9998767375946045
  ],
  [
   0.9998743534088135,
   0.0018857133109122515,
   0.01574155129492283,
   -0.0019180338131263852,
   0.9999960660934448,
   0.002038354054093361,
   -0.01573764719069004,
   -0.002068290952593088,
   0.9998741149902344
  ],
  [
   0.9998716711997986,
   0.001949479803442955,
   0.015901856124401093,
   -0.0019828190561383963,
   0.9999958276748657,
   0.0020810572896152735,
   -0.015897735953330994,
   -0.002112320624291897,
   0.9998713731765747
  ],
  [
   0.9998713135719299,
   0.0017999208066612482,
   0.01594112254679203,
   -0.0018356520449742675,
   0.9999958872795105,
   0.0022270961198955774,
   -0.015937048941850662,
   -0.0022560718934983015,
   0.9998704195022583
  ],
  [
   0.9998668432235718,
   0.0020459743682295084,
   0.01618925668299198,
   -0.002081591170281172,
   0.9999954700469971,
   0.0021834764629602432,
   -0.016184715554118156,
   -0.0022168848663568497,
   0.9998664855957031
  ],
  [
   0.9998633861541748,
   0.0020802333019673824,
   0.016399910673499107,
   -0.0021169690880924463,
   0.9999952912330627,
   0.0022229233291000128,
   -0.016395211219787598,
   -0.0022573377937078476,
   0.9998630285263062
  ],
  [
   0.9998590350151062,
   0.002234045648947358,
   0.016641514375805855,
   -0.00227094953879714,
   0.9999949336051941,
   0.002199020003899932,
   -0.016636520624160767,
   -0.0022365020122379065,
   0.999859094619751
  ],
  [
   0.9998562932014465,
   0.0021585277281701565,
   0.016817446798086166,
   -0.002194450469687581,
   0.9999952912330627,
   0.0021178715396672487,
   -0.016812797635793686,
   -0.002154472516849637,
   0.9998563528060913
  ],
  [
   0.9998546838760376,
   0.002184047596529126,
   0.016904929652810097,
   -0.002221333794295788,
   0.9999951720237732,
   0.00218716892413795,
   -0.016900071874260902,
   -0.0022244027350097895,
   0.9998546838760376
  ],
  [
   0.9998517632484436,
   0.0023268614895641804,
   0.01705947332084179,
   -0.0023653125390410423,
   0.999994695186615,
   0.0022340971045196056,
   -0.017054185271263123,
   -0.0022741169668734074,
   0.9998519420623779
  ],
  [
   0.9998491406440735,
   0.0021690630819648504,
   0.017233967781066895,
   -0.0022129586432129145,
   0.9999943375587463,
   0.0025283577851951122,
   -0.01722838543355465,
   -0.002566114068031311,
   0.9998482465744019
  ],
  [
   0.9998480677604675,
   0.002252126345410943,
   0.017285507172346115,
   -0.0022972484584897757,
   0.9999940395355225,
   0.0025910097174346447,
   -0.017279567196965218,
   -0.0026303252670913935,
   0.9998472929000854
  ],
  [
   0.9998465776443481,
   0.0022747917100787163,
   0.017370272427797318,
   -0.0023209864739328623,
   0.9999938011169434,
   0.0026397169567644596,
   -0.01736416295170784,
   -0.0026796285528689623,
   0.9998456239700317
  ],
  [
   0.9998430609703064,
   0.0024107815697789192,
   0.017553837969899178,
   -0.0024629663676023483,
   0.9999926090240479,
   0.002951847855001688,
   -0.01754659228026867,
   -0.0029946190770715475,
   0.999841570854187
  ],
  [
   0.9998397827148438,
   0.0023838169872760773,
   0.017741095274686813,
   -0.0024397820234298706,
   0.9999920725822449,
   0.0031335800886154175,
   -0.017733486369252205,
   -0.0031763629522174597,
   0.9998376369476318
  ],
  [
   0.9998350143432617,
   0.002700085286051035,
   0.017963549122214317,
   -0.002758822636678815,
   0.9999909400939941,
   0.0032458389177918434,
   -0.017954619601368904,
   -0.0032948623411357403,
   0.999833345413208
  ],
  [
   0.9998299479484558,
   0.0028520608320832253,
   0.01822274550795555,
   -0.0029132540803402662,
   0.9999902248382568,
   0.003332411404699087,
   -0.0182130616158247,
   -0.0033849324099719524,
   0.9998283386230469
  ],
  [
   0.9998278021812439,
   0.0028773266822099686,
   0.01833384670317173,
   -0.0029432412702590227,
   0.9999893307685852,
   0.003569257678464055,
   -0.018323378637433052,
   -0.0036226038355380297,
   0.9998255372047424
  ],
  [
   0.9998208284378052,
   0.0030861252453178167,
   0.018675172701478004,
   -0.0031580296345055103,
   0.9999876618385315,
   0.0038220032583922148,
   -0.01866314932703972,
   -0.0038802954368293285,
   0.9998183846473694
  ],
  [
   0.9998188018798828,
   0.0030709889251738787,
   0.018786530941724777,
   -0.0031466158106923103,
   0.9999870657920837,
   0.003997367806732655,
   -0.018774012103676796,
   -0.004055758006870747,
   0.9998155236244202
  ],
  [
   0.9998170733451843,
   0.003058172296732664,
   0.018878165632486343,
   -0.003138788975775242,
   0.9999861121177673,
   0.004242215771228075,
   -0.01886492595076561,
   -0.004300694912672043,
   0.9998127818107605
  ],
  [
   0.9998137950897217,
   0.0030885876622051,
   0.019050104543566704,
   -0.0031756858807057142,
   0.999984622001648,
   0.004543494898825884,
   -0.019035782665014267,
   -0.004603145644068718,
   0.999808132648468
  ],
  [
   0.9998098611831665,
   0.0032579016406089067,
   0.019227739423513412,
   -0.0033500203862786293,
   0.9999830722808838,
   0.00476065231487155,
   -0.0192119050770998,
   -0.004824160598218441,
   0.9998038411140442
  ],
  [
   0.9998091459274292,
   0.003253645496442914,
   0.019263943657279015,
   -0.0033489875495433807,
   0.9999822974205017,
   0.004919067490845919,
   -0.019247597083449364,
   -0.004982643760740757,
   0.99980229139328
  ],
  [
   0.9998086094856262,
   0.00321221724152565,
   0.019296685233712196,
   -0.0033124000765383244,
   0.999981164932251,
   0.0051619973964989185,
   -0.019279737025499344,
   -0.005224928259849548,
   0.9998005032539368
  ],
  [
   0.9998047947883606,
   0.0032294481061398983,
   0.019491391256451607,
   -0.003334155073389411,
   0.9999801516532898,
   0.0053418525494635105,
   -0.01947375386953354,
   -0.005405796226114035,
   0.9997958540916443
  ],
  [
   0.9998024702072144,
   0.0032314227428287268,
   0.01960899867117405,
   -0.0033409215975552797,
   0.9999789595603943,
   0.0055539291352033615,
   -0.01959063857793808,
   -0.005618344992399216,
   0.9997922778129578
  ],
  [
   0.9997974038124084,
   0.003478224389255047,
   0.0198260098695755,
   -0.0035914683248847723,
   0.9999774098396301,
   0.005679171998053789,
   -0.01980581134557724,
   -0.005749226082116365,
   0.9997872710227966
  ],
  [
   0.9997931122779846,
   0.0036549868527799845,
   0.020004674792289734,
   -0.003770596580579877,
   0.999976396560669,
   0.005744456313550472,
   -0.01998320408165455,
   -0.005818698555231094,
   0.9997833371162415
  ],
  [
   0.999790370464325,
   0.003645356046035886,
   0.020146716386079788,
   -0.0037670149467885494,
   0.9999749064445496,
   0.006003992632031441,
   -0.020124323666095734,
   -0.006078626960515976,
   0.9997790455818176
  ],
  [
   0.9997883439064026,
   0.003619407070800662,
   0.020252181217074394,
   -0.0037395136896520853,
   0.9999756217002869,
   0.005895825102925301,
   -0.020230349153280258,
   -0.005970310419797897,
   0.999777615070343
  ],
  [
   0.9997865557670593,
   0.003672711318358779,
   0.020330799743533134,
   -0.0037958440370857716,
   0.9999746680259705,
   0.006021165754646063,
   -0.020308170467615128,
   -0.006097054108977318,
   0.999775230884552
  ],
  [
   0.9997840523719788,
   0.0038131882902234793,
   0.020428236573934555,
   -0.003937315195798874,
   0.9999740123748779,
   0.006039476953446865,
   -0.020404677838087082,
   -0.006118605844676495,
   0.9997730851173401
  ],
  [
   0.9997844099998474,
   0.0037322472780942917,
   0.020425554364919662,
   -0.003860073396936059,
   0.9999731779098511,
   0.00622229278087616,
   -0.020401783287525177,
   -0.006299795117229223,
   0.9997720122337341
  ],
  [
   0.9997872710227966,
   0.0037584102246910334,
   0.020279813557863235,
   -0.0038903155364096165,
   0.9999715089797974,
   0.006468715611845255,
   -0.020254923030734062,
   -0.0065462347120046616,
   0.9997734427452087
  ],
  [
   0.9997888803482056,
   0.003680661553516984,
   0.02021535485982895,
   -0.003816640703007579,
   0.9999703168869019,
   0.006692087277770042,
   -0.020190123468637466,
   -0.00676782988011837,
   0.9997732043266296
  ],
  [
   0.9997862577438354,
   0.003787866560742259,
   0.020321812480688095,
   -0.003926614299416542,
   0.9999691843986511,
   0.006791957188397646,
   -0.020295459777116776,
   -0.006870301440358162,
   0.9997703433036804
  ],
  [
   0.9997850656509399,
   0.003803765634074807,
   0.020377948880195618,
   -0.003942829556763172,
   0.9999691843986511,
   0.006788403727114201,
   -0.02035149745643139,
   -0.006867291871458292,
   0.9997692704200745
  ],
  [
   0.999783456325531,
   0.003921800758689642,
   0.02043645828962326,
   -0.004064549691975117,
   0.999967634677887,
   0.006948157679289579,
   -0.020408544689416885,
   -0.00702971825376153,
   0.999767005443573
  ],
  [
   0.9997799396514893,
   0.003968126606196165,
   0.020596811547875404,
   -0.004113030154258013,
   0.999967098236084,
   0.006997660733759403,
   -0.02056836523115635,
   -0.007080837618559599,
   0.9997633099555969
  ],
  [
   0.9997789859771729,
   0.003944157622754574,
   0.020649442449212074,
   -0.004092279355973005,
   0.9999662041664124,
   0.007135836407542229,
   -0.020620597526431084,
   -0.00721876323223114,
   0.9997614026069641
  ],
  [
   0.9997751116752625,
   0.004178187809884548,
   0.02079116180539131,
   -0.004332526121288538,
   0.9999633431434631,
   0.00738376472145319,
   -0.020759548991918564,
   -0.007472182624042034,
   0.9997566342353821
  ],
  [
   0.9997714757919312,
   0.004297900479286909,
   0.020940739661455154,
   -0.004456364084035158,
   0.999961793422699,
   0.007526459638029337,
   -0.020907588303089142,
   -0.007618059869855642,
   0.9997523427009583
  ],
  [
   0.9997707009315491,
   0.004233791958540678,
   0.02098952606320381,
   -0.004393468610942364,
   0.9999617338180542,
   0.007567164488136768,
   -0.02095668576657772,
   -0.007657647132873535,
   0.9997511506080627
  ],
  [
   0.9997674822807312,
   0.004407399799674749,
   0.021107839420437813,
   -0.004567345604300499,
   0.9999611377716064,
   0.007535360753536224,
   -0.021073808893561363,
   -0.007630015257745981,
   0.9997487664222717
  ],
  [
   0.9997636675834656,
   0.004542578011751175,
   0.021258879452943802,
   -0.004701691213995218,
   0.9999613165855408,
   0.007440541870892048,
   -0.021224258467555046,
   -0.007538736332207918,
   0.9997462630271912
  ],
  [
   0.9997605681419373,
   0.004653241019695997,
   0.021382689476013184,
   -0.004815028049051762,
   0.9999601244926453,
   0.0075210281647741795,
   -0.021346837282180786,
   -0.007622185628861189,
   0.9997430443763733
  ],
  [
   0.9997581243515015,
   0.004730293992906809,
   0.021478045731782913,
   -0.004895943216979504,
   0.9999585747718811,
   0.007666459307074547,
   -0.021440889686346054,
   -0.007769760210067034,
   0.999739944934845
  ],
  [
   0.9997596144676208,
   0.0048573934473097324,
   0.02137879468500614,
   -0.0050249891355633736,
   0.9999569654464722,
   0.0077926116064190865,
   -0.0213400200009346,
   -0.00789816677570343,
   0.9997410178184509
  ],
  [
   0.9997631311416626,
   0.004749641753733158,
   0.021241383627057076,
   -0.004920121282339096,
   0.9999560117721558,
   0.007980810478329659,
   -0.02120254561305046,
   -0.008083431981503963,
   0.9997425675392151
  ],
  [
   0.9997575283050537,
   0.005123614799231291,
   0.021414250135421753,
   -0.00529765198007226,
   0.9999533891677856,
   0.00807837676256895,
   -0.021371863782405853,
   -0.00818986352533102,
   0.9997380375862122
  ],
  [
   0.9997550845146179,
   0.0053267632611095905,
   0.021479731425642967,
   -0.005501718260347843,
   0.9999521374702454,
   0.008094285614788532,
   -0.021435588598251343,
   -0.00821047741919756,
   0.999736487865448
  ],
  [
   0.9997546076774597,
   0.00537931639701128,
   0.021489635109901428,
   -0.005557292141020298,
   0.999950647354126,
   0.00823084358125925,
   -0.021444300189614296,
   -0.008348248898983002,
   0.9997351765632629
  ],
  [
   0.9997553825378418,
   0.0053397286683321,
   0.02146134525537491,
   -0.005516791250556707,
   0.999951183795929,
   0.008199597708880901,
   -0.02141650952398777,
   -0.00831598974764347,
   0.9997360110282898
  ],
  [
   0.9997538924217224,
   0.005501009989529848,
   0.0214927289634943,
   -0.005680233705788851,
   0.99994957447052,
   0.008286677300930023,
   -0.02144605666399002,
   -0.00840672291815281,
   0.9997345805168152
  ],
  [
   0.9997514486312866,
   0.005722160916775465,
   0.02154543437063694,
   -0.005903266370296478,
   0.9999476671218872,
   0.008351564407348633,
   -0.021496519446372986,
   -0.008476677350699902,
   0.999733030796051
  ],
  [
   0.9997515678405762,
   0.005681467242538929,
   0.02155323512852192,
   -0.0058659277856349945,
   0.9999465942382812,
   0.008504812605679035,
   -0.021503766998648643,
   -0.008629130199551582,
   0.9997314810752869
  ],
  [
   0.9997515082359314,
   0.005763674154877663,
   0.021534064784646034,
   -0.005950355436652899,
   0.9999451637268066,
   0.008615138940513134,
   -0.021483231335878372,
   -0.008741131983697414,
   0.9997310042381287
  ],
  [
   0.9997506737709045,
   0.0058209821581840515,
   0.021556513383984566,
   -0.0060095167718827724,
   0.9999442100524902,
   0.008691685274243355,
   -0.021504715085029602,
   -0.008819063194096088,
   0.9997298121452332
  ],
  [
   0.9997514486312866,
   0.005772790871560574,
   0.021536067128181458,
   -0.005961832124739885,
   0.9999441504478455,
   0.008724022656679153,
   -0.021484507247805595,
   -0.008850249461829662,
   0.9997300505638123
  ],
  [
   0.9997497797012329,
   0.005955127067863941,
   0.021563280373811722,
   -0.0061479187570512295,
   0.9999416470527649,
   0.008885557763278484,
   -0.021509109064936638,
   -0.009015902876853943,
   0.9997280240058899
  ],
  [
   0.9997503161430359,
   0.005986591801047325,
   0.021530579775571823,
   -0.006177803967148066,
   0.9999420046806335,
   0.008825425989925861,
   -0.021476497873663902,
   -0.008956235833466053,
   0.999729335308075
  ],
  [
   0.9997490644454956,
   0.006175498012453318,
   0.021534070372581482,
   -0.0063681635074317455,
   0.9999402165412903,
   0.008889967575669289,
   -0.02147788368165493,
   -0.00902486965060234,
   0.9997286200523376
  ],
  [
   0.9997488260269165,
   0.006294204853475094,
   0.02151023969054222,
   -0.006486442871391773,
   0.9999395608901978,
   0.008878987282514572,
   -0.02145305462181568,
   -0.009016280993819237,
   0.9997292160987854
  ],
  [
   0.999748945236206,
   0.006399389822036028,
   0.021472817286849022,
   -0.006592308171093464,
   0.999938428401947,
   0.008925528265535831,
   -0.02141437865793705,
   -0.009064842015504837,
   0.999729573726654
  ],
  [
   0.9997529983520508,
   0.006343882530927658,
   0.02130196802318096,
   -0.00653488514944911,
   0.99993896484375,
   0.008908843621611595,
   -0.021244151517748833,
   -0.009045848622918129,
   0.9997333884239197
  ],
  [
   0.9997509717941284,
   0.006569479592144489,
   0.021328553557395935,
   -0.006762218661606312,
   0.9999368190765381,
   0.008977146819233894,
   -0.02126823365688324,
   -0.009119139052927494,
   0.9997321963310242
  ],
  [
   0.9997506737709045,
   0.006676062010228634,
   0.021307259798049927,
   -0.006869444623589516,
   0.9999357461929321,
   0.009015629068017006,
   -0.021245701238512993,
   -0.009159750305116177,
   0.9997323155403137
  ],
  [
   0.999753475189209,
   0.0067024691961705685,
   0.021165404468774796,
   -0.006896177772432566,
   0.9999348521232605,
   0.009092438966035843,
   -0.021103084087371826,
   -0.009236156940460205,
   0.9997345805168152
  ],
  [
   0.9997531771659851,
   0.006788444239646196,
   0.021154100075364113,
   -0.006983606610447168,
   0.9999336004257202,
   0.009165595285594463,
   -0.021090473979711533,
   -0.009311065077781677,
   0.9997342228889465
  ],
  [
   0.9997546076774597,
   0.006810544058680534,
   0.02108115144073963,
   -0.00700791459530592,
   0.9999321699142456,
   0.009302740916609764,
   -0.02101636491715908,
   -0.009448192082345486,
   0.9997344613075256
  ],
  [
   0.9997532367706299,
   0.0068918620236217976,
   0.021117553114891052,
   -0.0070923808962106705,
   0.9999303817749023,
   0.009435229934751987,
   -0.021051054820418358,
   -0.009582675993442535,
   0.9997324347496033
  ],
  [
   0.9997541904449463,
   0.006818360649049282,
   0.021099159494042397,
   -0.007022508420050144,
   0.9999291300773621,
   0.009616745635867119,
   -0.021032093092799187,
   -0.00976254977285862,
   0.9997311234474182
  ],
  [
   0.9997511506080627,
   0.006976697128266096,
   0.021190840750932693,
   -0.007181658409535885,
   0.9999280571937561,
   0.009611498564481735,
   -0.021122261881828308,
   -0.009761291556060314,
   0.9997292160987854
  ],
  [
   0.9997498989105225,
   0.006973159499466419,
   0.021246934309601784,
   -0.007179817650467157,
   0.9999275207519531,
   0.009665792807936668,
   -0.021177994087338448,
   -0.009815922938287258,
   0.9997275471687317
  ],
  [
   0.9997462034225464,
   0.007141499780118465,
   0.021366003900766373,
   -0.007347851060330868,
   0.9999269247055054,
   0.009595038369297981,
   -0.021295925602316856,
   -0.009749597869813442,
   0.9997256398200989
  ],
  [
   0.9997460842132568,
   0.007109958212822676,
   0.021382756531238556,
   -0.007315764203667641,
   0.9999275207519531,
   0.009562060236930847,
   -0.021313222125172615,
   -0.009716063737869263,
   0.9997256398200989
  ],
  [
   0.9997459053993225,
   0.007095737848430872,
   0.021397177129983902,
   -0.0072991373017430305,
   0.9999287724494934,
   0.00944280531257391,
   -0.021328650414943695,
   -0.009596586227416992,
   0.9997263550758362
  ],
  [
   0.9997438192367554,
   0.007244746666401625,
   0.021443283185362816,
   -0.007445402909070253,
   0.9999290704727173,
   0.00929251592606306,
   -0.021374447271227837,
   -0.009449790231883526,
   0.9997268319129944
  ],
  [
   0.9997398257255554,
   0.007507030852138996,
   0.02153712511062622,
   -0.007708289194852114,
   0.9999272227287292,
   0.009276943281292915,
   -0.02146591804921627,
   -0.009440544061362743,
   0.9997250437736511
  ],
  [
   0.9997345209121704,
   0.007791935000568628,
   0.02168523333966732,
   -0.00799708254635334,
   0.9999239444732666,
   0.009389650076627731,
   -0.02161041833460331,
   -0.00956057570874691,
   0.9997207522392273
  ],
  [
   0.9997333288192749,
   0.00794918555766344,
   0.021683156490325928,
   -0.008158683776855469,
   0.9999207258224487,
   0.009590539149940014,
   -0.021605201065540314,
   -0.009764887392520905,
   0.9997188448905945
  ],
  [
   0.9997298121452332,
   0.00814126431941986,
   0.021773939952254295,
   -0.008354867808520794,
   0.99991774559021,
   0.0097371656447649,
   -0.021692877635359764,
   -0.009916451759636402,
   0.9997155070304871
  ],
  [
   0.9997321367263794,
   0.00794356781989336,
   0.021738415583968163,
   -0.008160674013197422,
   0.9999175667762756,
   0.009916765615344048,
   -0.021657848730683327,
   -0.010091508738696575,
   0.9997145533561707
  ],
  [
   0.9997341632843018,
   0.007690350990742445,
   0.021735884249210358,
   -0.007910643704235554,
   0.9999180436134338,
   0.010067233815789223,
   -0.021656686440110207,
   -0.01023650448769331,
   0.9997130036354065
  ],
  [
   0.9997298717498779,
   0.007934434339404106,
   0.021846288815140724,
   -0.00815965048968792,
   0.999914288520813,
   0.010239281691610813,
   -0.02176317758858204,
   -0.010414773598313332,
   0.9997089505195618
  ],
  [
   0.9997264742851257,
   0.008012741804122925,
   0.021971777081489563,
   -0.008242780342698097,
   0.9999119639396667,
   0.010399216786026955,
   -0.021886516362428665,
   -0.010577482171356678,
   0.9997045397758484
  ],
  [
   0.9997283816337585,
   0.0078946677967906,
   0.021929962560534477,
   -0.008128258399665356,
   0.9999109506607056,
   0.010582966729998589,
   -0.021844465285539627,
   -0.010758345946669579,
   0.9997034668922424
  ],
  [
   0.9997208118438721,
   0.008092207834124565,
   0.022199813276529312,
   -0.008331796154379845,
   0.9999078512191772,
   0.010721114464104176,
   -0.022111007943749428,
   -0.01090308465063572,
   0.9996961355209351
  ],
  [
   0.9997175335884094,
   0.008185889571905136,
   0.022314146161079407,
   -0.008429475128650665,
   0.9999057054519653,
   0.01084403321146965,
   -0.022223273292183876,
   -0.011029066517949104,
   0.9996922016143799
  ],
  [
   0.9997156262397766,
   0.008248195052146912,
   0.02237645536661148,
   -0.008496297523379326,
   0.9999032020568848,
   0.01101533230394125,
   -0.022283431142568588,
   -0.011202318593859673,
   0.999688982963562
  ],
  [
   0.9997115135192871,
   0.008326125331223011,
   0.022531291469931602,
   -0.008579566143453121,
   0.999900758266449,
   0.011175228282809258,
   -0.022436007857322693,
   -0.011365312151610851,
   0.9996837377548218
  ],
  [
   0.9997050166130066,
   0.008441601879894733,
   0.022774096578359604,
   -0.008701680228114128,
   0.9998977780342102,
   0.011345154605805874,
   -0.022675994783639908,
   -0.01153998076915741,
   0.9996762275695801
  ],
  [
