{
 "rotation": [
  [
   1.0,
   8.19310371298343e-05,
   4.716803596238606e-05,
   -8.193041139747947e-05,
   1.0,
   -1.3052678696112707e-05,
   -4.716910552815534e-05,
   1.3048815162619576e-05,
   1.0
  ],
  [
   1.0,
   0.0001526747946627438,
   6.587513780687004e-05,
   -0.00015267112758010626,
   1.0,
   -5.540911297430284e-05,
   -6.588359974557534e-05,
   5.539905032492243e-05,
   1.0
  ],
  [
   1.0,
   0.00013194298662710935,
   9.284818224841729e-05,
   -0.00013193358608987182,
   1.0,
   -0.00010129607835551724,
   -9.286155545851216e-05,
   0.00010128382564289495,
   1.0
  ],
  [
   1.0,
   0.00024951493833214045,
   0.00015505746705457568,
   -0.00024949503131210804,
   1.0,
   -0.00012814461661037058,
   -0.00015508945216424763,
   0.00012810592306777835,
   1.0
  ],
  [
   0.9999999403953552,
   0.0002675503201317042,
   0.00022162249661050737,
   -0.000267518509645015,
   1.0,
   -0.0001436084130546078,
   -0.00022166091366671026,
   0.00014354911400005221,
   1.0
  ],
  [
   0.9999998807907104,
   0.0003347133460920304,
   0.0003259729128330946,
   -0.000334654439939186,
   0.9999999403953552,
   -0.00018088957585860044,
   -0.00032603341969661415,
   0.00018078048015013337,
   1.0
  ],
  [
   0.9999997615814209,
   0.0004831340629607439,
   0.0004270267381798476,
   -0.00048305888776667416,
   0.9999998211860657,
   -0.00017629144713282585,
   -0.00042711186688393354,
   0.0001760851446306333,
   0.9999998807907104
  ],
  [
   0.9999997615814209,
   0.00047363582416437566,
   0.0004628267197404057,
   -0.0004735723487101495,
   0.9999998807907104,
   -0.00013728304475080222,
   -0.00046289170859381557,
   0.0001370638346998021,
   0.9999998807907104
  ],
  [
   0.9999997615814209,
   0.0004881031927652657,
   0.0005146487965248525,
   -0.0004880271735601127,
   0.9999998807907104,
   -0.00014788408589083701,
   -0.0005147209740243852,
   0.00014763287617824972,
   0.9999998807907104
  ],
  [
   0.9999997019767761,
   0.0006003096932545304,
   0.0005659136222675443,
   -0.0006002365262247622,
   0.9999997615814209,
   -0.0001295276015298441,
   -0.0005659912712872028,
   0.00012918787251692265,
   0.9999998807907104
  ],
  [
   0.9999995231628418,
   0.0007739729480817914,
   0.0006586806266568601,
   -0.0007738369167782366,
   0.9999995827674866,
   -0.00020695457351393998,
   -0.0006588406395167112,
   0.00020644474716391414,
   0.9999997615814209
  ],
  [
   0.9999993443489075,
   0.0008529173210263252,
   0.0007160721579566598,
   -0.0008527786121703684,
   0.9999995827674866,
   -0.00019406553474254906,
   -0.000716237467713654,
   0.00019345476175658405,
   0.9999997615814209
  ],
  [
   0.9999991059303284,
   0.001075581181794405,
   0.0008132976363413036,
   -0.001075415057130158,
   0.9999993443489075,
   -0.00020482893160078675,
   -0.0008135175448842347,
   0.00020395412866491824,
   0.9999996423721313
  ],
  [
   0.9999988079071045,
   0.001248436514288187,
   0.0009001924190670252,
   -0.0012482296442613006,
   0.9999992251396179,
   -0.00023030755983199924,
   -0.0009004792082123458,
   0.00022918364265933633,
   0.9999996423721313
  ],
  [
   0.9999985694885254,
   0.0013855349970981479,
   0.0009840689599514008,
   -0.001385304844006896,
   0.9999989867210388,
   -0.0002345748507650569,
   -0.0009843929437920451,
   0.00023321127810049802,
   0.9999995231628418
  ],
  [
   0.9999983906745911,
   0.0014432050520554185,
   0.0010627818992361426,
   -0.0014430989976972342,
   0.9999990463256836,
   -0.00010050339187728241,
   -0.0010629259049892426,
   9.896953997667879e-05,
   0.9999995231628418
  ],
  [
   0.9999980330467224,
   0.0016351859085261822,
   0.0011066789738833904,
   -0.0016348807839676738,
   0.9999986290931702,
   -0.0002766086836345494,
   -0.0011071298504248261,
   0.0002747988619375974,
   0.9999992847442627
  ],
  [
   0.9999979138374329,
   0.0016927521210163832,
   0.0011808142298832536,
   -0.0016925581730902195,
   0.9999985694885254,
   -0.00016509401029907167,
   -0.0011810919968411326,
   0.00016309504280798137,
   0.9999992847442627
  ],
  [
   0.9999974966049194,
   0.0018425029702484608,
   0.0012717514764517546,
   -0.0018423348665237427,
   0.9999983310699463,
   -0.00013345039042178541,
   -0.0012719951337203383,
   0.00013110705185681581,
   0.9999991655349731
  ],
  [
   0.9999973177909851,
   0.0019128475105389953,
   0.0012811226770281792,
   -0.0019127533305436373,
   0.9999982118606567,
   -7.469407864846289e-05,
   -0.0012812630739063025,
   7.224341243272647e-05,
   0.9999991655349731
  ],
  [
   0.9999966025352478,
   0.002213909523561597,
   0.001408402225933969,
   -0.002213860396295786,
   0.9999974966049194,
   -3.637365443864837e-05,
   -0.0014084792928770185,
   3.325552461319603e-05,
   0.9999990463256836
  ],
  [
   0.9999963641166687,
   0.00231639645062387,
   0.0013890890404582024,
   -0.0023164248559623957,
   0.9999972581863403,
   1.8725959307630546e-05,
   -0.0013890418922528625,
   -2.1943611500319093e-05,
   0.9999990463256836
  ],
  [
   0.9999957084655762,
   0.002547934651374817,
   0.0014532475033774972,
   -0.0025479223113507032,
   0.9999967813491821,
   -1.0417440535093192e-05,
   -0.0014532692730426788,
   6.714633400406456e-06,
   0.999998927116394
  ],
  [
   0.9999936819076538,
   0.0031170782167464495,
   0.0017334376461803913,
   -0.0031169536523520947,
   0.9999951124191284,
   -7.483924855478108e-05,
   -0.001733662560582161,
   6.943572225281969e-05,
   0.9999984502792358
  ],
  [
   0.999992847442627,
   0.0033453002106398344,
   0.0017540232511237264,
   -0.0033452294301241636,
   0.9999943971633911,
   -4.330994488555007e-05,
   -0.0017541584093123674,
   3.744202695088461e-05,
   0.9999984502792358
  ],
  [
   0.9999924302101135,
   0.003485689638182521,
   0.0017478673253208399,
   -0.0034855043049901724,
   0.9999939203262329,
   -0.0001089019569917582,
   -0.0017482362454757094,
   0.00010280893184244633,
   0.9999984502792358
  ],
  [
   0.999991774559021,
   0.003648622427135706,
   0.0017834287136793137,
   -0.00364874885417521,
   0.9999933242797852,
   6.757990922778845e-05,
   -0.0017831702716648579,
   -7.408663077512756e-05,
   0.9999984502792358
  ],
  [
   0.9999927282333374,
   0.0034857948776334524,
   0.0015670949360355735,
   -0.003485868452116847,
   0.9999939203262329,
   4.4033669837517664e-05,
   -0.001566931838169694,
   -4.9496040446683764e-05,
   0.9999988079071045
  ],
  [
   0.9999920725822449,
   0.0036651077680289745,
   0.001572505570948124,
   -0.0036650770343840122,
   0.9999933242797852,
   -2.2601028831559233e-05,
   -0.0015725780976936221,
   1.6837493603816256e-05,
   0.9999988079071045
  ],
  [
   0.9999911785125732,
   0.003887881524860859,
   0.0015698382630944252,
   -0.0038878668565303087,
   0.9999924898147583,
   -1.2574972060974687e-05,
   -0.001569875399582088,
   6.471538199548377e-06,
   0.9999988079071045
  ],
  [
   0.9999901652336121,
   0.004118087235838175,
   0.0016118213534355164,
   -0.004118322394788265,
   0.9999915361404419,
   0.00014243823534343392,
   -0.0016112211160361767,
   -0.00014907484001014382,
   0.9999986886978149
  ],
  [
   0.9999898076057434,
   0.00424988055601716,
   0.0015467575285583735,
   -0.004250125028192997,
   0.9999909400939941,
   0.00015510346565861255,
   -0.0015460842987522483,
   -0.00016167580906767398,
   0.9999988079071045
  ],
  [
   0.9999881982803345,
   0.004586882423609495,
   0.001577428774908185,
   -0.004587133415043354,
   0.9999895095825195,
   0.00015534157864749432,
   -0.0015766997821629047,
   -0.00016257562674582005,
   0.9999988079071045
  ],
  [
   0.9999868869781494,
   0.0048660836182534695,
   0.0016195393400266767,
   -0.004866533447057009,
   0.9999881386756897,
   0.00027428529574535787,
   -0.0016181855462491512,
   -0.0002821632078848779,
   0.9999986886978149
  ],
  [
   0.9999861121177673,
   0.005058727692812681,
   0.0015147753292694688,
   -0.005059150047600269,
   0.9999871850013733,
   0.0002754238958004862,
   -0.0015133627457544208,
   -0.0002830835001077503,
   0.9999988079071045
  ],
  [
   0.9999843239784241,
   0.005417690146714449,
   0.0014535600785166025,
   -0.005418024025857449,
   0.9999852776527405,
   0.00022650645405519754,
   -0.0014523114077746868,
   -0.00023437832714989781,
   0.999998927116394
  ],
  [
   0.9999839663505554,
   0.005514318589121103,
   0.0013169718440622091,
   -0.0055146599188447,
   0.9999848008155823,
   0.00025543454103171825,
   -0.0013155433116480708,
   -0.0002626930654514581,
   0.9999990463256836
  ],
  [
   0.9999831318855286,
   0.005676308646798134,
   0.0012559660244733095,
   -0.005676842760294676,
   0.9999838471412659,
   0.00042206133366562426,
   -0.0012535499408841133,
   -0.00042918408871628344,
   0.9999990463256836
  ],
  [
   0.999982476234436,
   0.0057976217940449715,
   0.0012099433224648237,
   -0.005798271857202053,
   0.999983012676239,
   0.0005348941776901484,
   -0.0012068216456100345,
   -0.0005419003427959979,
   0.9999991655349731
  ],
  [
   0.9999803304672241,
   0.006144873332232237,
   0.0012407745234668255,
   -0.006145442370325327,
   0.9999810457229614,
   0.0004548667056951672,
   -0.0012379558756947517,
   -0.0004624828870873898,
   0.9999991655349731
  ],
  [
   0.9999794363975525,
   0.006315368693321943,
   0.0010850561084225774,
   -0.006315897218883038,
   0.9999799728393555,
   0.00048454577336087823,
   -0.0010819741291925311,
   -0.0004913888988085091,
   0.9999992847442627
  ],
  [
   0.9999781250953674,
   0.006498071365058422,
   0.001195975812152028,
   -0.006498964037746191,
   0.9999786019325256,
   0.0007442990317940712,
   -0.001191113842651248,
   -0.0007520553190261126,
   0.9999990463256836
  ],
  [
   0.9999778270721436,
   0.006580508779734373,
   0.0009733847109600902,
   -0.00658125476911664,
   0.9999780654907227,
   0.0007649699109606445,
   -0.0009683294920250773,
   -0.0007713589584454894,
   0.9999992847442627
  ],
  [
   0.9999776482582092,
   0.006634098012000322,
   0.0007753063109703362,
   -0.006634760648012161,
   0.9999775886535645,
   0.0008549082558602095,
   -0.0007696173852309585,
   -0.0008600331493653357,
   0.9999992847442627
  ],
  [
   0.999976634979248,
   0.006814016029238701,
   0.0005752122378908098,
   -0.006814558990299702,
   0.9999763369560242,
   0.0009481429005973041,
   -0.0005687380325980484,
   -0.0009520405437797308,
   0.9999994039535522
  ],
  [
   0.9999750852584839,
   0.007050451822578907,
   0.00044208698091097176,
   -0.007050883024930954,
   0.9999746084213257,
   0.0009807685855776072,
   -0.0004351609677542001,
   -0.0009838610421866179,
   0.9999994039535522
  ],
  [
   0.9999741911888123,
   0.007178900763392448,
   0.00021415643277578056,
   -0.0071791233494877815,
   0.999973714351654,
   0.0010563161922618747,
   -0.00020656760898418725,
   -0.0010578264482319355,
   0.9999994039535522
  ],
  [
   0.9999715685844421,
   0.007534869946539402,
   0.00011768582044169307,
   -0.007534989155828953,
   0.9999710321426392,
   0.001047830213792622,
   -0.00010978714271914214,
   -0.0010486871469765902,
   0.9999994039535522
  ],
  [
   0.9999691247940063,
   0.00785316713154316,
   -7.612183253513649e-06,
   -0.007853151299059391,
   0.9999684691429138,
   0.0012306355638429523,
   1.7276330254389904e-05,
   -0.0012305378913879395,
   0.9999992847442627
  ],
  [
   0.9999658465385437,
   0.00826524943113327,
   -5.7632925745565444e-05,
   -0.008265168406069279,
   0.9999648928642273,
   0.0013075766619294882,
   6.843835581094027e-05,
   -0.0013070557033643126,
   0.9999991655349731
  ],
  [
   0.9999647736549377,
   0.008382346481084824,
   -0.0003013788955286145,
   -0.00838193204253912,
   0.9999639987945557,
   0.0013488826807588339,
   0.0003126748197246343,
   -0.0013463088544085622,
   0.9999990463256836
  ],
  [
   0.999962568283081,
   0.008632873184978962,
   -0.0005236294236965477,
   -0.00863212626427412,
   0.999961793422699,
   0.0014150126371532679,
   0.0005358251510187984,
   -0.001410439726896584,
   0.9999988079071045
  ],
  [
   0.9999622106552124,
   0.008668079040944576,
   -0.0007393836276605725,
   -0.008667089976370335,
   0.9999614953994751,
   0.0013311399379745126,
   0.0007508937269449234,
   -0.001324681332334876,
   0.9999988079071045
  ],
  [
   0.9999603629112244,
   0.00882839597761631,
   -0.0011232253164052963,
   -0.008826646022498608,
   0.9999598264694214,
   0.0015538299921900034,
   0.0011368980631232262,
   -0.0015438541304320097,
   0.9999982118606567
  ],
  [
   0.999958872795105,
   0.008952650241553783,
   -0.0014223888283595443,
   -0.00895051471889019,
   0.9999588131904602,
   0.0014999976847320795,
   0.0014357593609020114,
   -0.0014872049214318395,
   0.9999978542327881
  ],
  [
   0.9999549388885498,
   0.00935109332203865,
   -0.0016403483459725976,
   -0.009348164312541485,
   0.9999547600746155,
   0.001784103107638657,
   0.0016569574363529682,
   -0.0017686884384602308,
   0.9999970197677612
  ],
  [
   0.9999497532844543,
   0.009831473231315613,
   -0.001933047198690474,
   -0.009828620590269566,
   0.999950647354126,
   0.0014795662136748433,
   0.001947498065419495,
   -0.0014604928437620401,
   0.9999970197677612
  ],
  [
   0.9999471306800842,
   0.010063827969133854,
   -0.0021255796309560537,
   -0.010060226544737816,
   0.9999479055404663,
   0.0016980863874778152,
   0.0021425585728138685,
   -0.001676612882874906,
   0.9999963045120239
  ],
  [
   0.9999415874481201,
   0.01052681915462017,
   -0.0024445815943181515,
   -0.010522760450839996,
   0.9999432563781738,
   0.0016668016323819757,
   0.0024619889445602894,
   -0.0016409805975854397,
   0.9999955892562866
  ],
  [
   0.9999397397041321,
   0.0106276860460639,
   -0.0027475119568407536,
   -0.010622048750519753,
   0.9999414682388306,
   0.0020579970441758633,
   0.0027692231815308332,
   -0.0020286887884140015,
   0.999994158744812
  ],
  [
   0.9999354481697083,
   0.0109574468806386,
   -0.003006439656019211,
   -0.010951053351163864,
   0.9999377131462097,
   0.002134754555299878,
   0.0030296440236270428,
   -0.002101693069562316,
   0.9999932050704956
  ],
  [
   0.9999350309371948,
   0.010949033312499523,
   -0.0031719368416815996,
   -0.010941889137029648,
   0.9999375343322754,
   0.0022608719300478697,
   0.0031964934896677732,
   -0.00222601811401546,
   0.9999923706054688
  ],
  [
   0.9999303817749023,
   0.011277379468083382,
   -0.0034675230272114277,
   -0.01126933190971613,
   0.9999337196350098,
   0.0023318841122090816,
   0.0034935909789055586,
   -0.0022926449310034513,
   0.9999911785125732
  ],
  [
   0.9999284744262695,
   0.011097874492406845,
   -0.004460084717720747,
   -0.011087377555668354,
   0.9999357461929321,
   0.0023712487891316414,
   0.0044861133210361,
   -0.0023216288536787033,
   0.9999872446060181
  ],
  [
   0.9999231100082397,
   0.011684024706482887,
   -0.004160040523856878,
   -0.011673555709421635,
   0.9999285936355591,
   0.002532184822484851,
   0.004189330153167248,
   -0.002483427757397294,
   0.9999880790710449
  ],
  [
   0.9999147653579712,
   0.012385990470647812,
   -0.004129801411181688,
   -0.012375745922327042,
   0.9999203681945801,
   0.0024972737301141024,
   0.004160402808338404,
   -0.002445951336994767,
   0.999988317489624
  ],
  [
   0.9998948574066162,
   0.013965469785034657,
   -0.0038949213922023773,
   -0.013955634087324142,
   0.9998993873596191,
   0.002541377441957593,
   0.0039300210773944855,
   -0.0024867539759725332,
   0.9999891519546509
  ],
  [
   0.999897837638855,
   0.013600790873169899,
   -0.004389022942632437,
   -0.013588650152087212,
   0.9999037384986877,
   0.0027845397125929594,
   0.004426473286002874,
   -0.0027246144600212574,
   0.9999865293502808
  ],
  [
   0.9998835325241089,
   0.01469494216144085,
   -0.0041337888687849045,
   -0.014685233123600483,
   0.9998893737792969,
   0.0023695759009569883,
   0.004168153274804354,
   -0.0023085938300937414,
   0.9999885559082031
  ],
  [
   0.9998646974563599,
   0.01602514274418354,
   -0.0037042773328721523,
   -0.01601477526128292,
   0.9998677968978882,
   0.0028111906722187996,
   0.003748837625607848,
   -0.002751487074419856,
   0.9999891519546509
  ],
  [
   0.9998485445976257,
   0.017008531838655472,
   -0.003695218125358224,
   -0.016997653990983963,
   0.9998511075973511,
   0.002956383628770709,
   0.0037449521478265524,
   -0.0028931256383657455,
   0.9999887943267822
  ],
  [
   0.9998307824134827,
   0.01805434562265873,
   -0.0035307700745761395,
   -0.018044836819171906,
   0.9998334646224976,
   0.0027072408702224493,
   0.0035790600813925266,
   -0.00264307064935565,
   0.9999901056289673
  ],
  [
   0.9998145699501038,
   0.01904933527112007,
   -0.0027997740544378757,
   -0.019042888656258583,
   0.9998160600662231,
   0.0023099766112864017,
   0.0028432621620595455,
   -0.002256232313811779,
   0.9999934434890747
  ],
  [
   0.9998436570167542,
   0.017277270555496216,
   -0.0037733744829893112,
   -0.017264023423194885,
   0.9998447299003601,
   0.0035148682072758675,
   0.0038335162680596113,
   -0.003449174575507641,
   0.9999866485595703
  ],
  [
   0.9997764229774475,
   0.02107827737927437,
   -0.0016849781386554241,
   -0.021072857081890106,
   0.9997729063034058,
   0.003174153156578541,
   0.0017515013460069895,
   -0.003137935884296894,
   0.9999934434890747
  ],
  [
   0.9998071193695068,
   0.019451703876256943,
   -0.002703213831409812,
   -0.019442448392510414,
   0.9998051524162292,
   0.003408542601391673,
   0.002768989186733961,
   -0.003355327993631363,
   0.9999905824661255
  ],
  [
   0.9997768402099609,
   0.021040936931967735,
   -0.0019047284731641412,
   -0.021036503836512566,
   0.9997760057449341,
   0.002317721489816904,
   0.0019530690042302012,
   -0.002277135383337736,
   0.9999954700469971
  ],
  [
   0.9996204376220703,
   0.02755005843937397,
   2.9400789571809582e-05,
   -0.02755003795027733,
   0.999616801738739,
   0.0026805722154676914,
   4.4460401113610715e-05,
   -0.002680364763364196,
   0.9999964237213135
  ],
  [
   0.9994892477989197,
   0.031840138137340546,
   0.00274640996940434,
   -0.03184780105948448,
   0.9994887709617615,
   0.0027930508367717266,
   -0.0026560749392956495,
   -0.002879091538488865,
   0.9999923706054688
  ],
  [
   0.9997954368591309,
   0.01975836604833603,
   -0.004317896906286478,
   -0.019752107560634613,
   0.999803900718689,
   0.0014869739534333348,
   0.0043464298360049725,
   -0.0014013823820278049,
   0.9999896287918091
  ],
  [
   0.9997783303260803,
   0.020734915509819984,
   -0.003653755411505699,
   -0.020727355033159256,
   0.999782919883728,
   0.002095290459692478,
   0.003696408122777939,
   -0.0020190931390970945,
   0.9999911785125732
  ],
  [
   0.9997979998588562,
   0.019442735239863396,
   -0.005084298085421324,
   -0.019429141655564308,
   0.999807596206665,
   0.0027092553209513426,
   0.005135994870215654,
   -0.0026099244132637978,
   0.9999834299087524
  ],
  [
   0.9997760653495789,
   0.020111678168177605,
   -0.006589795928448439,
   -0.02009713277220726,
   0.9997955560684204,
   0.002265822608023882,
   0.006634016986936331,
   -0.002132879104465246,
   0.9999756813049316
  ],
  [
   0.9997665882110596,
   0.020536471158266068,
   -0.006703149527311325,
   -0.020520715042948723,
   0.9997865557670593,
   0.002410661429166794,
   0.006751224864274263,
   -0.002272545825690031,
   0.9999746084213257
  ],
  [
   0.9997611045837402,
   0.020743947476148605,
   -0.006892732344567776,
   -0.02072768285870552,
   0.9997822046279907,
   0.002422509714961052,
   0.006941484287381172,
   -0.0022790608927607536,
   0.9999734163284302
  ],
  [
   0.9997555017471313,
   0.020944533869624138,
   -0.007094061002135277,
   -0.020926762372255325,
   0.9997777342796326,
   0.0025702430866658688,
   0.007146316580474377,
   -0.002421159064397216,
   0.9999716281890869
  ],
  [
   0.9997445344924927,
   0.02143183909356594,
   -0.007185892201960087,
   -0.021413523703813553,
   0.9997672438621521,
   0.0026159186381846666,
   0.007240283768624067,
   -0.0024613747373223305,
   0.9999707937240601
  ],
  [
   0.999735951423645,
   0.021763134747743607,
   -0.0073809754103422165,
   -0.021743478253483772,
   0.9997598528862,
   0.0027329339645802975,
   0.007438679691404104,
   -0.0025717238895595074,
   0.9999690055847168
  ],
  [
   0.9997296929359436,
   0.02197352424263954,
   -0.007594184949994087,
   -0.02195167727768421,
   0.9997547268867493,
   0.002948251087218523,
   0.007657105568796396,
   -0.0027807492297142744,
   0.9999668598175049
  ],
  [
   0.9997155666351318,
   0.022607598453760147,
   -0.007600584998726845,
   -0.022584890946745872,
   0.9997403025627136,
   0.00306036788970232,
   0.0076677980832755566,
   -0.0028878385201096535,
   0.9999663829803467
  ],
  [
   0.9997073411941528,
   0.022880462929606438,
   -0.007863695733249187,
   -0.022855857387185097,
   0.999733567237854,
   0.003204531967639923,
   0.007934922352433205,
   -0.00302386237308383,
   0.9999639987945557
  ],
  [
   0.9996927976608276,
   0.02347269095480442,
   -0.007947423495352268,
   -0.023448389023542404,
   0.9997202157974243,
   0.0031374571844935417,
   0.008018845692276955,
   -0.0029501388780772686,
   0.9999634027481079
  ],
  [
   0.9996843338012695,
   0.0237386804074049,
   -0.008226324804127216,
   -0.02371334098279476,
   0.9997137188911438,
   0.003164601279422641,
   0.008299092762172222,
   -0.002968528540804982,
   0.9999611377716064
  ],
  [
   0.9996742606163025,
   0.024060755968093872,
   -0.00850717443972826,
   -0.02403387799859047,
   0.9997058510780334,
   0.0032478212378919125,
   0.008582818321883678,
   -0.0030423030257225037,
   0.9999585151672363
  ],
  [
   0.9996696710586548,
   0.02411256730556488,
   -0.008891903795301914,
   -0.024083591997623444,
   0.9997043013572693,
   0.0033513738308101892,
   0.00897008553147316,
   -0.0031361179426312447,
   0.9999548196792603
  ],
  [
   0.9996569156646729,
   0.024580255150794983,
   -0.009053475223481655,
   -0.024550823494791985,
   0.9996930360794067,
   0.003347386373206973,
   0.009132974781095982,
   -0.00312396720983088,
   0.9999533891677856
  ],
  [
   0.9996459484100342,
   0.02491174265742302,
   -0.009342708624899387,
   -0.02488153800368309,
   0.9996848106384277,
   0.003335747169330716,
   0.009422863833606243,
   -0.0031021053437143564,
   0.9999507665634155
  ],
  [
   0.9996313452720642,
   0.02536482736468315,
   -0.009685942903161049,
   -0.025333361700177193,
   0.9996734261512756,
   0.003357828827574849,
   0.00976795144379139,
   -0.0031112132128328085,
   0.9999474287033081
  ],
  [
   0.9996224641799927,
   0.025558937340974808,
   -0.010084403678774834,
   -0.025525670498609543,
   0.999668300151825,
   0.003413993399590254,
   0.010168316774070263,
   -0.0031552931759506464,
   0.9999433755874634
  ],
  [
   0.9996128678321838,
   0.025764944031834602,
   -0.0104987733066082,
   -0.025729848071932793,
   0.9996628761291504,
   0.0034645958803594112,
   0.010584499686956406,
   -0.003193122800439596,
   0.9999388456344604
  ],
  [
   0.9996024370193481,
   0.026026654988527298,
   -0.010841782204806805,
   -0.025989174842834473,
   0.9996557831764221,
   0.003583737649023533,
   0.010931323282420635,
   -0.0033005441073328257,
   0.9999347925186157
  ],
  [
   0.9995853900909424,
   0.026533527299761772,
   -0.011179940775036812,
   -0.026493500918149948,
   0.9996420741081238,
   0.0037132715806365013,
   0.011274464428424835,
   -0.0034155366010963917,
   0.9999306201934814
  ],
  [
   0.9995725154876709,
   0.026866590604186058,
   -0.011535529978573322,
   -0.02682366780936718,
   0.999632716178894,
   0.0038598505780100822,
   0.011634993366897106,
   -0.003548775566741824,
   0.999925971031189
  ],
  [
   0.9995590448379517,
   0.0271442923694849,
   -0.012042035348713398,
   -0.02709684893488884,
   0.9996243715286255,
   0.004086003638803959,
   0.012148425914347172,
   -0.0037579003255814314,
   0.9999191761016846
  ],
  [
   0.9995430111885071,
   0.027536606416106224,
   -0.012466568499803543,
   -0.027486834675073624,
   0.9996134638786316,
   0.004146648570895195,
   0.012575936503708363,
   -0.0038020871579647064,
   0.9999136924743652
  ],
  [
   0.9995274543762207,
   0.027851684018969536,
   -0.01300833560526371,
   -0.027798861265182495,
   0.9996046423912048,
   0.004223713185638189,
   0.013120830059051514,
   -0.003860100172460079,
   0.9999064207077026
  ],
  [
   0.9995128512382507,
   0.028148338198661804,
   -0.013481712900102139,
   -0.028094202280044556,
   0.9995965361595154,
   0.004188235849142075,
   0.01359416451305151,
   -0.0038074376061558723,
   0.9999003410339355
  ],
  [
   0.9995000958442688,
   0.02833019383251667,
   -0.014037059620022774,
   -0.028273064643144608,
   0.9995912313461304,
   0.004251652862876654,
   0.014151771552860737,
   -0.003852656576782465,
   0.9998924732208252
  ],
  [
   0.9994824528694153,
   0.02865162119269371,
   -0.014626579359173775,
   -0.02859088033437729,
   0.9995817542076111,
   0.004345169756561518,
   0.014744958840310574,
   -0.003924733493477106,
   0.9998835325241089
  ],
  [
   0.9994670152664185,
   0.028829986229538918,
   -0.015311375260353088,
   -0.028764422982931137,
   0.9995761513710022,
   0.004485155921429396,
   0.01543419249355793,
   -0.004042343236505985,
   0.9998726844787598
  ],
  [
   0.9994460344314575,
   0.029221462085843086,
   -0.01593058742582798,
   -0.029151536524295807,
   0.9995643496513367,
   0.004604227375239134,
   0.016058191657066345,
   -0.004137276206165552,
   0.9998624324798584
  ],
  [
   0.9994258284568787,
   0.029546119272708893,
   -0.016580451279878616,
   -0.02947293408215046,
   0.9995547533035278,
   0.004641095642000437,
   0.016710199415683746,
   -0.004149756394326687,
   0.9998517036437988
  ],
  [
   0.9994063377380371,
   0.029783954843878746,
   -0.01731901429593563,
   -0.029707089066505432,
   0.9995476007461548,
   0.004678624682128429,
   0.01745053008198738,
   -0.004161349032074213,
   0.9998390674591064
  ],
  [
   0.9993841648101807,
   0.030143264681100845,
   -0.01796378754079342,
   -0.030063044279813766,
   0.9995368719100952,
   0.004719184711575508,
   0.01809772104024887,
   -0.004176232032477856,
   0.99982750415802
  ],
  [
   0.9993592500686646,
   0.030570905655622482,
   -0.018613703548908234,
   -0.03048708476126194,
   0.9995238780975342,
   0.004770367406308651,
   0.018750671297311783,
   -0.0041998326778411865,
   0.9998154044151306
  ],
  [
   0.999337911605835,
   0.030791902914643288,
   -0.0193805992603302,
   -0.03070211410522461,
   0.999516487121582,
   0.004913677927106619,
   0.01952253468334675,
   -0.004315399099141359,
   0.9998001456260681
  ],
  [
   0.9993140697479248,
   0.031109631061553955,
   -0.020087281242012978,
   -0.031012142077088356,
   0.9995056986808777,
   0.005146667826920748,
   0.02023746445775032,
   -0.0045201885513961315,
   0.9997850060462952
  ],
  [
   0.999289870262146,
   0.03139647841453552,
   -0.02083550952374935,
   -0.031291428953409195,
   0.9994959831237793,
   0.00534930732101202,
   0.020992957055568695,
   -0.0046935356222093105,
   0.9997685551643372
  ],
  [
   0.9992654919624329,
   0.03167912736535072,
   -0.021562019363045692,
   -0.031568314880132675,
   0.9994866847991943,
   0.005460424814373255,
   0.02172393538057804,
   -0.004775737412273884,
   0.9997525811195374
  ],
  [
   0.999241292476654,
   0.03188129514455795,
   -0.02236923947930336,
   -0.03176159784197807,
   0.9994792342185974,
   0.005686154589056969,
   0.022538872435688972,
   -0.004971357993781567,
   0.9997336268424988
  ],
  [
   0.9992115497589111,
   0.032330337911844254,
   -0.023044412955641747,
   -0.03220578655600548,
   0.9994646906852722,
   0.0057555208913981915,
   0.023218153044581413,
   -0.005008819978684187,
   0.9997178912162781
  ],
  [
   0.9991876482963562,
   0.03247956186532974,
   -0.02385851740837097,
   -0.032346781343221664,
   0.9994591474533081,
   0.0059303706511855125,
   0.024038227275013924,
   -0.005153805948793888,
   0.9996978044509888
  ],
  [
   0.9991613626480103,
   0.03263956680893898,
   -0.02472444623708725,
   -0.032495539635419846,
   0.9994526505470276,
   0.006204935256391764,
   0.02491343952715397,
   -0.005396297201514244,
   0.9996751546859741
  ],
  [
   0.9991315007209778,
   0.03278059512376785,
   -0.025722354650497437,
   -0.032629888504743576,
   0.9994479417800903,
   0.006257049739360809,
   0.025913260877132416,
   -0.005412297789007425,
   0.9996496438980103
  ],
  [
   0.9991025924682617,
   0.03289472684264183,
   -0.026680056005716324,
   -0.03273358196020126,
   0.9994432330131531,
   0.006454487331211567,
   0.026877518743276596,
   -0.005575362127274275,
   0.99962317943573
  ],
  [
   0.9990713596343994,
   0.032983195036649704,
   -0.02772446535527706,
   -0.03281228616833687,
   0.9994397163391113,
   0.00659703416749835,
   0.027926525101065636,
   -0.005681204609572887,
   0.9995937943458557
  ],
  [
   0.9990414977073669,
   0.0330427847802639,
   -0.028710057958960533,
   -0.03286094218492508,
   0.9994369149208069,
   0.006782638840377331,
   0.028918011114001274,
   -0.005832698196172714,
   0.9995648264884949
  ],
  [
   0.999005138874054,
   0.03339916095137596,
   -0.02954942174255848,
   -0.03320937976241112,
   0.9994245767593384,
   0.006890074349939823,
   0.029762541875243187,
   -0.005901901517063379,
   0.9995396137237549
  ],
  [
   0.9989693760871887,
   0.033581603318452835,
   -0.030534865334630013,
   -0.03338315337896347,
   0.9994182586669922,
   0.006986142601817846,
   0.030751707032322884,
   -0.005959592293947935,
   0.9995092153549194
  ],
  [
   0.998936653137207,
   0.03364613652229309,
   -0.03152020648121834,
   -0.033439286053180695,
   0.9994157552719116,
   0.007066786754876375,
   0.03173955902457237,
   -0.006005259230732918,
   0.9994780421257019
  ],
  [
   0.9988980293273926,
   0.03407924622297287,
   -0.03227115795016289,
   -0.033861227333545685,
   0.9994000792503357,
   0.007278632838279009,
   0.03249984607100487,
   -0.006177870091050863,
   0.9994526505470276
  ],
  [
   0.9988630414009094,
   0.034018006175756454,
   -0.0333959124982357,
   -0.03378933295607567,
   0.9994016885757446,
   0.007388152182102203,
   0.033627256751060486,
   -0.00625132629647851,
   0.9994149208068848
  ],
  [
   0.9988241791725159,
   0.03416258096694946,
   -0.0343964584171772,
   -0.033922191709280014,
   0.9993959665298462,
   0.007548382505774498,
   0.03463355824351311,
   -0.006372703704982996,
   0.9993797540664673
  ],
  [
   0.9987813234329224,
   0.034445419907569885,
   -0.035345692187547684,
   -0.03419312462210655,
   0.999385416507721,
   0.007717914879322052,
   0.03558981791138649,
   -0.006499929819256067,
   0.9993452429771423
  ],
  [
   0.9987381100654602,
   0.03450290858745575,
   -0.036492619663476944,
   -0.034237079322338104,
   0.9993826150894165,
   0.007884714752435684,
   0.036742135882377625,
   -0.006625365000218153,
   0.999302864074707
  ],
  [
   0.9986950755119324,
   0.034634318202733994,
   -0.03753257915377617,
   -0.03435486555099487,
   0.9993771910667419,
   0.008065375499427319,
   0.03778853639960289,
   -0.006765423342585564,
   0.9992627501487732
  ],
  [
   0.9986482858657837,
   0.034856028854846954,
   -0.03855804726481438,
   -0.034561365842819214,
   0.9993682503700256,
   0.00828250590711832,
   0.03882237896323204,
   -0.0069386912509799,
   0.9992220401763916
  ],
  [
   0.9985989928245544,
   0.035122841596603394,
   -0.039577774703502655,
   -0.03481685742735863,
   0.9993584156036377,
   0.008394535630941391,
   0.039847224950790405,
   -0.0070048002526164055,
   0.99918133020401
  ],
  [
   0.9985527396202087,
   0.035091325640678406,
   -0.040756646543741226,
   -0.034768372774124146,
   0.9993582963943481,
   0.008606186136603355,
   0.04103250056505203,
   -0.007176688406616449,
   0.9991320967674255
  ],
  [
   0.998509407043457,
   0.03505852073431015,
   -0.04183172434568405,
   -0.0347168929874897,
   0.9993578195571899,
   0.008865616284310818,
   0.042115677148103714,
   -0.007400133181363344,
   0.9990853071212769
  ],
  [
   0.9984546899795532,
   0.03527544066309929,
   -0.04294127970933914,
   -0.034924086183309555,
   0.9993503093719482,
   0.008905365131795406,
   0.04322751984000206,
   -0.007391917519271374,
   0.9990378618240356
  ],
  [
   0.9984031319618225,
   0.03525344654917717,
   -0.0441414937376976,
   -0.034882523119449615,
   0.9993495345115662,
   0.009145520627498627,
   0.04443519189953804,
   -0.00759115070104599,
   0.9989833235740662
  ],
  [
   0.9983443021774292,
   0.035253193229436874,
   -0.04545113816857338,
   -0.034872718155384064,
   0.9993500113487244,
   0.009137260727584362,
   0.04574371501803398,
   -0.007537127938121557,
   0.9989247918128967
  ],
  [
   0.9982824921607971,
   0.035123612731695175,
   -0.04688692092895508,
   -0.034724391996860504,
   0.9993535876274109,
   0.00930227991193533,
   0.04718334600329399,
   -0.007658183109015226,
   0.9988569021224976
  ],
  [
   0.9982222318649292,
   0.035328809171915054,
   -0.0480027012526989,
   -0.03491952642798424,
   0.9993464946746826,
   0.009338614530861378,
   0.04830125719308853,
   -0.007645780686289072,
   0.9988034963607788
  ],
  [
   0.9981642365455627,
   0.035377826541662216,
   -0.04915807023644447,
   -0.0349494107067585,
   0.9993433952331543,
   0.009547713212668896,
   0.04946357384324074,
   -0.007812140043824911,
   0.998745322227478
  ],
  [
   0.9981062412261963,
   0.03539780527353287,
   -0.05030923709273338,
   -0.03495839238166809,
   0.9993427395820618,
   0.009587892331182957,
   0.05061556398868561,
   -0.007811005227267742,
   0.9986876845359802
  ],
  [
   0.9980437159538269,
   0.0356527604162693,
   -0.05135777220129967,
   -0.035201240330934525,
   0.9993335008621216,
   0.009669886901974678,
   0.05166829749941826,
   -0.007843113504350185,
   0.9986335635185242
  ],
  [
   0.9979802370071411,
   0.03573715314269066,
   -0.05251972749829292,
   -0.03527791425585747,
   0.9993310570716858,
   0.00964546762406826,
   0.05282929167151451,
   -0.007773200049996376,
   0.9985733032226562
  ],
  [
   0.9979140162467957,
   0.03579380735754967,
   -0.05372440814971924,
   -0.03532680124044418,
   0.9993295669555664,
   0.00961759127676487,
   0.054032642394304276,
   -0.007699617650359869,
   0.9985095858573914
  ],
  [
   0.9978451132774353,
   0.03582855686545372,
   -0.05496779456734657,
   -0.03536255285143852,
   0.9993300437927246,
   0.009427433833479881,
   0.055268749594688416,
   -0.0074633159674704075,
   0.9984436631202698
  ],
  [
   0.9977710247039795,
   0.035744454711675644,
   -0.05635031312704086,
   -0.03526725620031357,
   0.9993333220481873,
   0.009440580382943153,
   0.05665019899606705,
   -0.0074322158470749855,
   0.9983664155006409
  ],
  [
   0.9976950883865356,
   0.035785380750894547,
   -0.057653769850730896,
   -0.03530771657824516,
   0.9993334412574768,
   0.009282881394028664,
   0.05794752761721611,
   -0.007225862704217434,
   0.9982934594154358
  ],
  [
   0.9976153373718262,
   0.03576945140957832,
   -0.05902717635035515,
   -0.035269733518362045,
   0.999332845211029,
   0.009486394003033638,
   0.05932712182402611,
   -0.007381899282336235,
   0.9982112646102905
  ],
  [
   0.9975311756134033,
   0.035873133689165115,
   -0.06037112697958946,
   -0.035342030227184296,
   0.999326765537262,
   0.009842443279922009,
   0.060683563351631165,
   -0.0076845064759254456,
   0.9981275200843811
  ],
  [
   0.9974452257156372,
   0.0360817015171051,
   -0.06165323778986931,
   -0.03552081435918808,
   0.9993171691894531,
   0.010169683024287224,
   0.06197807565331459,
   -0.007953728549182415,
   0.998045802116394
  ],
  [
   0.9973558783531189,
   0.036314137279987335,
   -0.06294889748096466,
   -0.03572287783026695,
   0.9993067383766174,
   0.010493245907127857,
   0.06328629702329636,
   -0.00821678526699543,
   0.9979615211486816
  ],
  [
   0.9972768425941467,
   0.03629602864384651,
   -0.06419917941093445,
   -0.035675499588251114,
   0.9993053078651428,
   0.01078622043132782,
   0.06454606354236603,
   -0.00846650917083025,
   0.9978787899017334
  ],
  [
   0.9971822500228882,
   0.03628278523683548,
   -0.06565949320793152,
   -0.03563549369573593,
   0.9993042349815369,
   0.011003185994923115,
   0.06601303815841675,
   -0.008632373064756393,
   0.9977814555168152
  ],
  [
   0.9971003532409668,
   0.03642234206199646,
   -0.06681472808122635,
   -0.035772018134593964,
   0.9993005394935608,
   0.010904415510594845,
   0.06716514378786087,
   -0.00848270021378994,
   0.99770587682724
  ],
  [
   0.9970048069953918,
   0.03645594045519829,
   -0.06820830702781677,
   -0.03578566759824753,
   0.999298632144928,
   0.011023430153727531,
   0.0685623437166214,
   -0.008549531921744347,
   0.9976102113723755
  ],
  [
   0.9969172477722168,
   0.03629270941019058,
   -0.06956259906291962,
   -0.03560199588537216,
   0.999303936958313,
   0.011143961921334267,
   0.06991862505674362,
   -0.008633039891719818,
   0.9975153207778931
  ],
  [
   0.9968198537826538,
   0.03643477335572243,
   -0.07087098807096481,
   -0.035717204213142395,
   0.9992972612380981,
   0.011366463266313076,
   0.07123531401157379,
   -0.008799002505838871,
   0.9974206686019897
  ],
  [
   0.9967188835144043,
   0.03645917773246765,
   -0.07226523011922836,
   -0.03572659566998482,
   0.9992964267730713,
   0.011404603719711304,
   0.07263020426034927,
   -0.008785391226410866,
   0.9973202347755432
  ],
  [
   0.9966086149215698,
   0.03656806796789169,
   -0.07371589541435242,
   -0.03581633046269417,
   0.9992923140525818,
   0.011494582518935204,
   0.07408407330513,
   -0.00881536677479744,
   0.9972130656242371
  ],
  [
   0.9965084195137024,
   0.03654602915048599,
   -0.07506833970546722,
   -0.035774920135736465,
   0.9992926716804504,
   0.011591635644435883,
   0.07543887197971344,
   -0.008865599520504475,
   0.9971109628677368
  ],
  [
   0.9963920712471008,
   0.036715056747198105,
   -0.07651740312576294,
   -0.03592897951602936,
   0.9992867708206177,
   0.01162510272115469,
   0.07688964903354645,
   -0.008833968080580235,
   0.997000515460968
  ],
  [
   0.996278703212738,
   0.03659835830330849,
   -0.07803444564342499,
   -0.035781994462013245,
   0.9992896318435669,
   0.01183471828699112,
   0.07841214537620544,
   -0.008998448960483074,
   0.9968805313110352
  ],
  [
   0.9961650371551514,
   0.03657373785972595,
   -0.0794825628399849,
   -0.03573473542928696,
   0.999289870262146,
   0.011953146196901798,
   0.0798632800579071,
   -0.009067018516361713,
   0.9967645406723022
  ],
  [
   0.9960418939590454,
   0.03655047342181206,
   -0.0810219943523407,
   -0.03568118438124657,
   0.999289333820343,
   0.012151561677455902,
   0.0814085602760315,
   -0.009212502278387547,
   0.9966381788253784
  ],
  [
   0.9959250092506409,
   0.03683814778923988,
   -0.0823177620768547,
   -0.03595077618956566,
   0.9992786049842834,
   0.012236665934324265,
   0.0827091634273529,
   -0.00922741275280714,
   0.996531069278717
  ],
  [
   0.995801568031311,
   0.03678121417760849,
   -0.08382362872362137,
   -0.03586158901453018,
   0.9992792010307312,
   0.012450851500034332,
   0.08422116190195084,
   -0.009392528794705868,
   0.9964028596878052
  ],
  [
   0.9956731796264648,
   0.036802973598241806,
   -0.08532582968473434,
   -0.03584885969758034,
   0.9992766380310059,
   0.01268795970827341,
   0.08573106676340103,
   -0.00957422610372305,
   0.9962723255157471
  ],
  [
   0.9955514073371887,
   0.036935508251190186,
   -0.08667846024036407,
   -0.03595442324876785,
   0.9992706775665283,
   0.0128531688824296,
   0.08709000051021576,
   -0.009679515846073627,
   0.9961534142494202
  ],
  [
   0.9954252243041992,
   0.03703449293971062,
   -0.08807381242513657,
