{
 "rotation": [
  [
   1.0,
   1.677278123679571e-05,
   0.0002833029720932245,
   -1.6802341633592732e-05,
   1.0,
   0.00010434184514451772,
   -0.0002833012258633971,
   -0.00010434659634483978,
   1.0
  ],
  [
   1.0,
   5.529584450414404e-05,
   0.00028079093317501247,
   -5.5350366892525926e-05,
   0.9999999403953552,
   0.00019413931295275688,
   -0.0002807802229654044,
   -0.00019415483984630555,
   1.0
  ],
  [
   1.0,
   3.248912616982125e-05,
   0.00029367045499384403,
   -3.255519550293684e-05,
   0.9999999403953552,
   0.0002249849640065804,
   -0.0002936631499323994,
   -0.00022499452461488545,
   1.0
  ],
  [
   1.0,
   3.761477273656055e-05,
   0.0002705111401155591,
   -3.769180693780072e-05,
   1.0,
   0.00028476587613113225,
   -0.00027050040080212057,
   -0.0002847760624717921,
   0.9999998807907104
  ],
  [
   1.0,
   9.13640033104457e-05,
   0.0002648901427164674,
   -9.145207877736539e-05,
   0.9999999403953552,
   0.0003324842546135187,
   -0.0002648597292136401,
   -0.00033250843989662826,
   1.0
  ],
  [
   0.9999999403953552,
   0.00017883884720504284,
   0.0002449557650834322,
   -0.00017894490156322718,
   0.9999998807907104,
   0.00043293595081195235,
   -0.00024487831979058683,
   -0.0004329797811806202,
   0.9999998807907104
  ],
  [
   0.9999999403953552,
   0.0002759248309303075,
   0.00020360831695143133,
   -0.00027602995396591723,
   0.9999998807907104,
   0.0005165114416740835,
   -0.00020346576638985425,
   -0.000516567553859204,
   0.9999998807907104
  ],
  [
   0.9999998807907104,
   0.00031220208620652556,
   0.00026162565336562693,
   -0.00031236009090207517,
   0.9999997615814209,
   0.00060408900026232,
   -0.0002614370023366064,
   -0.0006041706074029207,
   0.9999997615814209
  ],
  [
   0.9999998807907104,
   0.0003322008706163615,
   0.00031232653418555856,
   -0.0003324058197904378,
   0.9999997615814209,
   0.0006564962677657604,
   -0.0003121083427686244,
   -0.00065660011023283,
   0.9999996423721313
  ],
  [
   0.9999998807907104,
   0.0003365779703017324,
   0.00036131407250650227,
   -0.0003368326579220593,
   0.9999997019767761,
   0.0007052253931760788,
   -0.0003610766143538058,
   -0.0007053470471873879,
   0.9999996423721313
  ],
  [
   0.9999998211860657,
   0.0003383512666914612,
   0.0004060331266373396,
   -0.00033867114689201117,
   0.9999996423721313,
   0.0007880040211603045,
   -0.0004057663318235427,
   -0.0007881414494477212,
   0.9999996423721313
  ],
  [
   0.9999998211860657,
   0.00041074189357459545,
   0.0004256450629327446,
   -0.0004111115704290569,
   0.9999995231628418,
   0.0008688615052960813,
   -0.0004252879589330405,
   -0.0008690363611094654,
   0.9999995231628418
  ],
  [
   0.9999997615814209,
   0.0003895433619618416,
   0.0004832819977309555,
   -0.0003899986913893372,
   0.999999463558197,
   0.0009423475712537766,
   -0.0004829147073905915,
   -0.0009425359312444925,
   0.9999994039535522
  ],
  [
   0.9999998807907104,
   0.0003396670799702406,
   0.0004547938297037035,
   -0.0003401289286557585,
   0.999999463558197,
   0.0010157477809116244,
   -0.00045444860006682575,
   -0.0010159022640436888,
   0.9999994039535522
  ],
  [
   0.9999998807907104,
   0.0003300992539152503,
   0.00043908561929129064,
   -0.00033059617271646857,
   0.9999992847442627,
   0.0011320241028442979,
   -0.00043871166417375207,
   -0.0011321690399199724,
   0.9999992847442627
  ],
  [
   0.9999999403953552,
   0.0003619924536906183,
   0.00027257262263447046,
   -0.00036234038998372853,
   0.9999991655349731,
   0.0012775807408615947,
   -0.0002721098717302084,
   -0.0012776792282238603,
   0.9999991655349731
  ],
  [
   0.9999998807907104,
   0.00031110848067328334,
   0.00023018087085802108,
   -0.00031142972875386477,
   0.999998927116394,
   0.0013969094725325704,
   -0.0002297460741829127,
   -0.0013969811843708158,
   0.9999990463256836
  ],
  [
   0.9999999403953552,
   0.0002703612844925374,
   0.00022923701908439398,
   -0.00027069251518696547,
   0.999998927116394,
   0.0014462403487414122,
   -0.00022884576173964888,
   -0.001446302281692624,
   0.999998927116394
  ],
  [
   0.9999999403953552,
   0.00023639912251383066,
   0.0002668218803592026,
   -0.0002368129207752645,
   0.9999988079071045,
   0.0015519370790570974,
   -0.00026645470643416047,
   -0.0015520001761615276,
   0.9999988079071045
  ],
  [
   0.9999999403953552,
   0.00027403832064010203,
   0.0002001661341637373,
   -0.0002743669901974499,
   0.9999986290931702,
   0.0016439186874777079,
   -0.00019971535948570818,
   -0.0016439736355096102,
   0.9999985694885254
  ],
  [
   0.9999998807907104,
   0.0003721597313415259,
   0.00045028573367744684,
   -0.00037299247924238443,
   0.9999982714653015,
   0.0018507279455661774,
   -0.0004495962057262659,
   -0.0018508955836296082,
   0.9999982118606567
  ],
  [
   0.9999998807907104,
   0.0002861579123418778,
   0.0004192190826870501,
   -0.00028696595109067857,
   0.999998152256012,
   0.0019287317991256714,
   -0.00041866640094667673,
   -0.001928851823322475,
   0.9999980926513672
  ],
  [
   0.9999998807907104,
   0.00036995604750700295,
   0.0004093303286936134,
   -0.0003707887080963701,
   0.9999978542327881,
   0.002035949844866991,
   -0.00040857624844647944,
   -0.0020361014176160097,
   0.9999978542327881
  ],
  [
   0.9999998807907104,
   0.0003317421942483634,
   0.0004437748284544796,
   -0.0003327112935949117,
   0.9999975562095642,
   0.002185450168326497,
   -0.000443048746092245,
   -0.00218559755012393,
   0.9999974966049194
  ],
  [
   0.9999998211860657,
   0.0003251802991144359,
   0.0004745472106151283,
   -0.0003262720420025289,
   0.9999972581863403,
   0.0023022405803203583,
   -0.0004737973213195801,
   -0.0023023951798677444,
   0.9999972581863403
  ],
  [
   0.9999997615814209,
   0.0004208203754387796,
   0.0004852055280935019,
   -0.0004219961410854012,
   0.9999969601631165,
   0.0024256506003439426,
   -0.0004841833433602005,
   -0.0024258545599877834,
   0.9999969005584717
  ],
  [
   0.9999999403953552,
   0.0001745220652082935,
   0.00021450463100336492,
   -0.00017499593377579004,
   0.9999974966049194,
   0.0022110689897090197,
   -0.00021411824855022132,
   -0.002211106475442648,
   0.9999974966049194
  ],
  [
   1.0,
   0.0001485784159740433,
   0.00020902359392493963,
   -0.00014907321019563824,
   0.9999971985816956,
   0.002369164489209652,
   -0.00020867101557087153,
   -0.002369195455685258,
   0.9999971389770508
  ],
  [
   0.9999999403953552,
   0.00016735655663069338,
   0.00045421739923767745,
   -0.00016836728900671005,
   0.9999975562095642,
   0.0022261138074100018,
   -0.00045384373515844345,
   -0.002226189710199833,
   0.9999973773956299
  ],
  [
   0.9999999403953552,
   -1.924239404615946e-05,
   0.0003707037540152669,
   1.8234733943245374e-05,
   0.9999963045120239,
   0.002718044212087989,
   -0.00037075471482239664,
   -0.0027180372271686792,
   0.9999963045120239
  ],
  [
   1.0,
   -5.01929062011186e-05,
   0.00027123355539515615,
   4.951682421960868e-05,
   0.9999969005584717,
   0.00249206623993814,
   -0.0002713578287512064,
   -0.002492052735760808,
   0.9999969005584717
  ],
  [
   0.9999998211860657,
   0.0001949349243659526,
   0.0006161685450933874,
   -0.00019647854787763208,
   0.9999968409538269,
   0.0025061420165002346,
   -0.0006156780873425305,
   -0.0025062623899430037,
   0.9999966621398926
  ],
  [
   0.9999997615814209,
   0.00022725769667886198,
   0.000645908119622618,
   -0.00022891288972459733,
   0.9999967217445374,
   0.0025636537466198206,
   -0.0006453233654610813,
   -0.002563801361247897,
   0.999996542930603
  ],
  [
   0.9999998211860657,
   0.00025961099890992045,
   0.0005195364938117564,
   -0.00026101211551576853,
   0.9999963641166687,
   0.0026986009906977415,
   -0.0005188339273445308,
   -0.002698736498132348,
   0.9999961853027344
  ],
  [
   0.9999998807907104,
   0.00026260342565365136,
   0.0004908802802674472,
   -0.00026399982743896544,
   0.9999959468841553,
   0.002846726682037115,
   -0.0004901307402178645,
   -0.0028468561358749866,
   0.9999958276748657
  ],
  [
   0.9999997019767761,
   0.0002736813621595502,
   0.0007282010046765208,
   -0.00027560879243537784,
   0.9999964237213135,
   0.002648012014105916,
   -0.000727473699953407,
   -0.0026482120156288147,
   0.9999961853027344
  ],
  [
   0.9999996423721313,
   0.0003118577296845615,
   0.0007908109109848738,
   -0.0003139717737212777,
   0.9999963641166687,
   0.002674560761079192,
   -0.0007899738848209381,
   -0.0026748082600533962,
   0.9999960660934448
  ],
  [
   0.9999995827674866,
   0.00034200589288957417,
   0.0008389159920625389,
   -0.0003443214809522033,
   0.9999961256980896,
   0.0027615942526608706,
   -0.0008379683131352067,
   -0.0027618820313364267,
   0.9999958276748657
  ],
  [
   0.9999997019767761,
   0.00024171195400413126,
   0.0007282095612026751,
   -0.00024392385967075825,
   0.9999953508377075,
   0.0030388759914785624,
   -0.0007274716626852751,
   -0.0030390527099370956,
   0.9999951124191284
  ],
  [
   0.999999463558197,
   0.00029925353010185063,
   0.0009834269294515252,
   -0.00030212730052880943,
   0.9999956488609314,
   0.002923359163105488,
   -0.0009825479937717319,
   -0.0029236546251922846,
   0.999995231628418
  ],
  [
   0.9999995827674866,
   0.0004274357343092561,
   0.0008082077256403863,
   -0.0004301700391806662,
   0.9999942183494568,
   0.003385998075827956,
   -0.0008067558519542217,
   -0.0033863442949950695,
   0.9999939203262329
  ],
  [
   0.9999992847442627,
   0.0003764120046980679,
   0.0011409623548388481,
   -0.0003800432605203241,
   0.9999948740005493,
   0.0031841080635786057,
   -0.0011397579219192266,
   -0.0031845394987612963,
   0.9999942779541016
  ],
  [
   0.9999992251396179,
   0.00040205911500379443,
   0.001207089750096202,
   -0.00040604834794066846,
   0.9999944567680359,
   0.0033064251765608788,
   -0.0012057535350322723,
   -0.0033069124910980463,
   0.9999938011169434
  ],
  [
   0.9999991655349731,
   0.0003612430300563574,
   0.0012156900484114885,
   -0.0003653576713986695,
   0.9999942183494568,
   0.003386107040569186,
   -0.0012144598877057433,
   -0.0033865487203001976,
   0.9999935626983643
  ],
  [
   0.9999991655349731,
   0.0003299617092125118,
   0.0012762550031766295,
   -0.0003343869175296277,
   0.9999939203262329,
   0.0034686336293816566,
   -0.0012751027243211865,
   -0.0034690573811531067,
   0.9999932050704956
  ],
  [
   0.9999991059303284,
   0.0004550335288513452,
   0.00124078756198287,
   -0.00045966601464897394,
   0.9999929070472717,
   0.0037357874680310488,
   -0.0012390789343044162,
   -0.0037363548763096333,
   0.9999922513961792
  ],
  [
   0.9999990463256836,
   0.0005127101321704686,
   0.0013099027564749122,
   -0.0005177221028134227,
   0.9999925494194031,
   0.0038287313655018806,
   -0.0013079300988465548,
   -0.0038294061087071896,
   0.999991774559021
  ],
  [
   0.9999988675117493,
   0.0005632139509543777,
   0.001427267212420702,
   -0.0005686780787073076,
   0.9999925494194031,
   0.003830907866358757,
   -0.0014250988606363535,
   -0.0038317153230309486,
   0.9999916553497314
  ],
  [
   0.9999985694885254,
   0.0007053270237520337,
   0.0015473510138690472,
   -0.000711485801730305,
   0.9999918341636658,
   0.003983295988291502,
   -0.0015445287572219968,
   -0.0039843907579779625,
   0.9999908208847046
  ],
  [
   0.9999983310699463,
   0.0007699988782405853,
   0.0016587483696639538,
   -0.0007768747163936496,
   0.9999910593032837,
   0.004148502834141254,
   -0.0016555392649024725,
   -0.004149784799665213,
   0.9999899864196777
  ],
  [
   0.9999978542327881,
   0.0008474876522086561,
   0.0019103611120954156,
   -0.0008555998210795224,
   0.9999906420707703,
   0.0042495871894061565,
   -0.0019067416433244944,
   -0.0042512123472988605,
   0.9999891519546509
  ],
  [
   0.9999977946281433,
   0.000811114558018744,
   0.0019628461450338364,
   -0.000819504086393863,
   0.9999905228614807,
   0.004277146887034178,
   -0.0019593583419919014,
   -0.004278745502233505,
   0.9999889135360718
  ],
  [
   0.9999973773956299,
   0.0005886646686121821,
   0.0022179558873176575,
   -0.0005980581045150757,
   0.9999908804893494,
   0.0042369007132947445,
   -0.0022154415491968393,
   -0.004238216672092676,
   0.9999885559082031
  ],
  [
   0.9999972581863403,
   0.0006154882721602917,
   0.0022546970285475254,
   -0.0006254779291339219,
   0.9999899864196777,
   0.004432583227753639,
   -0.002251946134492755,
   -0.004433982074260712,
   0.9999876022338867
  ],
  [
   0.9999969005584717,
   0.0007253906805999577,
   0.002395193325355649,
   -0.0007363291806541383,
   0.9999893307685852,
   0.004569128155708313,
   -0.002391853602603078,
   -0.0045708781108260155,
   0.9999866485595703
  ],
  [
   0.9999963641166687,
   0.0006241147639229894,
   0.0026120070833712816,
   -0.0006364534492604434,
   0.9999886155128479,
   0.004725652281194925,
   -0.0026090277824550867,
   -0.0047272974625229836,
   0.9999854564666748
  ],
  [
   0.9999961853027344,
   2.960793426609598e-05,
   0.0027574594132602215,
   -4.297321356716566e-05,
   0.9999882578849792,
   0.004847020376473665,
   -0.002757283626124263,
   -0.004847120959311724,
   0.9999843835830688
  ],
  [
   0.9999951124191284,
   0.0004908227128908038,
   0.0030764667317271233,
   -0.0005062689888291061,
   0.9999873042106628,
   0.005022024270147085,
   -0.003073963103815913,
   -0.00502355769276619,
   0.9999825954437256
  ],
  [
   0.9999942779541016,
   0.0004659979313146323,
   0.003340373747050762,
   -0.00048314736341126263,
   0.9999866485595703,
   0.005134992767125368,
   -0.0033379364758729935,
   -0.005136577412486076,
   0.9999812841415405
  ],
  [
   0.9999938607215881,
   0.0003449614450801164,
   0.0034924421925097704,
   -0.000363275088602677,
   0.9999861717224121,
   0.005244527477771044,
   -0.003490585135295987,
   -0.005245763808488846,
   0.999980092048645
  ],
  [
   0.9999935030937195,
   0.0004202451091259718,
   0.0035842182114720345,
   -0.0004391959810163826,
   0.999985933303833,
   0.005288152489811182,
   -0.0035819457843899727,
   -0.005289692431688309,
   0.9999796152114868
  ],
  [
   0.9999930262565613,
   0.0003738352097570896,
   0.003714927937835455,
   -0.0003939789312426001,
   0.9999852180480957,
   0.005423118360340595,
   -0.003712845966219902,
   -0.0054245442152023315,
   0.9999784231185913
  ],
  [
   0.9999912977218628,
   0.0005253859562799335,
   0.004141036421060562,
   -0.0005484414286911488,
   0.9999843835830688,
   0.005568395834416151,
   -0.004138046409934759,
   -0.005570617970079184,
   0.9999759197235107
  ],
  [
   0.999991238117218,
   0.0003153248399030417,
   0.004176502116024494,
   -0.0003392135549802333,
   0.999983549118042,
   0.005720311775803566,
   -0.0041746292263269424,
   -0.0057216789573431015,
   0.9999748468399048
  ],
  [
   0.9999909400939941,
   0.00020717915322165936,
   0.004248208366334438,
   -0.000231989222811535,
   0.9999829530715942,
   0.005840464029461145,
   -0.0042469254694879055,
   -0.00584139721468091,
   0.9999738931655884
  ],
  [
   0.9999896287918091,
   -4.809375241165981e-06,
   0.004562700632959604,
   -2.1460375137394294e-05,
   0.9999834299087524,
   0.005757434293627739,
   -0.0045626526698470116,
   -0.005757472012192011,
   0.9999730587005615
  ],
  [
   0.9999890327453613,
   -7.367762009380385e-05,
   0.004684161394834518,
   4.559683657134883e-05,
   0.9999819993972778,
   0.005994660314172506,
   -0.0046845185570418835,
   -0.005994381383061409,
   0.9999711513519287
  ],
  [
   0.9999879598617554,
   2.129133827111218e-05,
   0.004915702622383833,
   -5.1364197133807465e-05,
   0.9999812841415405,
   0.006117668468505144,
   -0.004915480501949787,
   -0.006117846816778183,
   0.9999692440032959
  ],
  [
   0.9999867081642151,
   8.116377284750342e-05,
   0.005161724053323269,
   -0.00011300955520709977,
   0.9999809265136719,
   0.006169610191136599,
   -0.005161125212907791,
   -0.006170112174004316,
   0.9999676942825317
  ],
  [
   0.9999853372573853,
   4.3218631617492065e-05,
   0.005407699849456549,
   -7.680125418119133e-05,
   0.9999807476997375,
   0.006210094317793846,
   -0.0054073273204267025,
   -0.006210419349372387,
   0.999966025352478
  ],
  [
   0.9999844431877136,
   -4.103195897187106e-05,
   0.005577687174081802,
   5.8954619817086495e-06,
   0.9999801516532898,
   0.006299344357103109,
   -0.005577835254371166,
   -0.006299213506281376,
   0.9999645948410034
  ],
  [
   0.9999826550483704,
   -6.41677324892953e-05,
   0.005890268366783857,
   2.5167984858853742e-05,
   0.9999781250953674,
   0.006620882079005241,
   -0.005890564061701298,
   -0.0066206194460392,
   0.9999607801437378
  ],
  [
   0.9999833703041077,
   -0.00010763393947854638,
   0.005767922382801771,
   6.894157559145242e-05,
   0.9999775290489197,
   0.006707977503538132,
   -0.005768514703959227,
   -0.006707468535751104,
   0.9999608993530273
  ],
  [
   0.9999791383743286,
   2.1708330677938648e-05,
   0.0064618648029863834,
   -6.660864892182872e-05,
   0.999975860118866,
   0.006948372814804316,
   -0.00646155746653676,
   -0.0069486587308347225,
   0.9999549388885498
  ],
  [
   0.9999794960021973,
   0.0003633884189184755,
   0.006393057759851217,
   -0.00040921245818026364,
   0.999974250793457,
   0.0071679363027215,
   -0.006390288472175598,
   -0.007170405704528093,
   0.9999538660049438
  ],
  [
   0.9999792575836182,
   0.0011416441993787885,
   0.006331536918878555,
   -0.0011860205559059978,
   0.9999747276306152,
   0.007009435910731554,
   -0.006323374807834625,
   -0.007016800809651613,
   0.9999552965164185
  ],
  [
   0.9999774694442749,
   -0.00016452210547868162,
   0.006715474184602499,
   0.00011843656830023974,
   0.9999764561653137,
   0.006862410344183445,
   -0.006716445554047823,
   -0.006861460395157337,
   0.9999538660049438
  ],
  [
   0.9999760985374451,
   2.733664405241143e-05,
   0.006912343204021454,
   -7.60203183745034e-05,
   0.9999752044677734,
   0.007042841520160437,
   -0.0069119795225560665,
   -0.007043198216706514,
   0.9999512434005737
  ],
  [
   0.9999810457229614,
   0.0017404186073690653,
   0.00590212969109416,
   -0.0017860563239082694,
   0.9999685287475586,
   0.007735994644463062,
   -0.005888479296118021,
   -0.00774639006704092,
   0.9999526739120483
  ],
  [
   0.999973475933075,
   0.0018650017445906997,
   0.007045986130833626,
   -0.0019199270755052567,
   0.9999677538871765,
   0.007796524558216333,
   -0.007031219080090523,
   -0.007809845265001059,
   0.999944806098938
  ],
  [
   0.9999709129333496,
   0.00144370854832232,
   0.007483281195163727,
   -0.0015027689514681697,
   0.9999677538871765,
   0.007892676629126072,
   -0.007471645250916481,
   -0.007903693243861198,
   0.9999408721923828
  ],
  [
   0.9999690055847168,
   0.0017016552155837417,
   0.007693123072385788,
   -0.0017626103945076466,
   0.999967098236084,
   0.007923491299152374,
   -0.007679386530071497,
   -0.007936805486679077,
   0.99993896484375
  ],
  [
   0.9999659657478333,
   0.002230918500572443,
   0.007947810925543308,
   -0.002294854260981083,
   0.9999650120735168,
   0.008044439367949963,
   -0.007929585874080658,
   -0.008062404580414295,
   0.9999361038208008
  ],
  [
   0.9999699592590332,
   0.0006424175226129591,
   0.007729926612228155,
   -0.0007087441044859588,
   0.9999629259109497,
   0.008580809459090233,
   -0.0077241286635398865,
   -0.008586029522120953,
   0.9999332427978516
  ],
  [
   0.9999609589576721,
   0.0004182234115432948,
   0.008825588971376419,
   -0.0004920451319776475,
   0.9999649524688721,
   0.008363993838429451,
   -0.008821781724691391,
   -0.008368010632693768,
   0.9999260902404785
  ],
  [
   0.9999534487724304,
   -0.0028021582402288914,
   0.009229042567312717,
   0.0027281788643449545,
   0.99996417760849,
   0.008018738590180874,
   -0.009251181036233902,
   -0.007993187755346298,
   0.9999252557754517
  ],
  [
   0.9999313354492188,
   -0.005451482720673084,
   0.01037691067904234,
   0.005400004796683788,
   0.9999730587005615,
   0.004982432350516319,
   -0.010403791442513466,
   -0.004926055204123259,
   0.9999337196350098
  ],
  [
   0.9999193549156189,
   -0.002689483342692256,
   0.012414696626365185,
   0.002625755500048399,
   0.9999833106994629,
   0.0051467218436300755,
   -0.01242833212018013,
   -0.005113709252327681,
   0.9999096393585205
  ],
  [
   0.9999211430549622,
   -0.001605242840014398,
   0.012456652708351612,
   0.0015261383960023522,
   0.9999786615371704,
   0.00635727820917964,
   -0.012466592714190483,
   -0.006337766535580158,
   0.9999022483825684
  ],
  [
   0.9999200701713562,
   -0.0023023129906505346,
   0.012433062307536602,
   0.0022023615892976522,
   0.9999651908874512,
   0.008046900853514671,
   -0.012451156973838806,
   -0.008018876425921917,
   0.9998903274536133
  ],
  [
   0.9999025464057922,
   -0.0021037100814282894,
   0.013805482536554337,
   0.0019901697523891926,
   0.99996417760849,
   0.008232863619923592,
   -0.01382230781018734,
   -0.008204586803913116,
   0.999870777130127
  ],
  [
   0.9999184012413025,
   -0.001437369268387556,
   0.012696586549282074,
   0.0013333073584362864,
   0.999965488910675,
   0.008200721815228462,
   -0.012707935646176338,
   -0.008183125406503677,
   0.9998857975006104
  ],
  [
   0.9999139308929443,
   -0.0015393359353765845,
   0.013027407228946686,
   0.0014341030037030578,
   0.9999662637710571,
   0.008083309978246689,
   -0.01303941011428833,
   -0.00806393288075924,
   0.9998824596405029
  ],
  [
   0.9999057650566101,
   -0.0016524980310350657,
   0.013628100976347923,
   0.0015417877584695816,
   0.9999657273292542,
   0.008130183443427086,
   -0.013641070574522018,
   -0.008108407258987427,
   0.9998741149902344
  ],
  [
   0.9998971223831177,
   -0.0016952614532783628,
   0.014243751764297485,
   0.0015767072327435017,
   0.9999640583992004,
   0.008330353535711765,
   -0.014257362112402916,
   -0.008307038806378841,
   0.9998637437820435
  ],
  [
   0.9998942613601685,
   -0.0019025158835574985,
   0.01441785879433155,
   0.001781899482011795,
   0.9999633431434631,
   0.008374002762138844,
   -0.014433261007070541,
   -0.008347424678504467,
   0.9998608827590942
  ],
  [
   0.9998883008956909,
   -0.0020267912186682224,
   0.0148102305829525,
   0.001901958486996591,
   0.999962568283081,
   0.00843804795295,
   -0.014826780185103416,
   -0.00840893853455782,
   0.9998546838760376
  ],
  [
   0.999879777431488,
   -0.0019929332192987204,
   0.015378364361822605,
   0.001859690761193633,
   0.9999606609344482,
   0.00867372564971447,
   -0.015395046211779118,
   -0.008644083514809608,
   0.9998440742492676
  ],
  [
   0.9998738765716553,
   -0.002177334390580654,
   0.015731560066342354,
   0.002040411112830043,
   0.9999599456787109,
   0.008714551106095314,
   -0.01574990525841713,
   -0.008681354112923145,
   0.9998382329940796
  ],
  [
   0.9998683929443359,
   -0.002311163116246462,
   0.016061214730143547,
   0.0021717550698667765,
   0.9999598860740662,
   0.00869181752204895,
   -0.016080660745501518,
   -0.008655793033540249,
   0.9998332262039185
  ],
  [
   0.9998592734336853,
   -0.0023180164862424135,
   0.016618872061371803,
   0.002174080116674304,
   0.9999600052833557,
   0.008673876523971558,
   -0.016638310626149178,
   -0.00863652303814888,
   0.9998242259025574
  ],
  [
   0.9998527765274048,
   -0.002580302068963647,
   0.016964368522167206,
   0.002429795451462269,
   0.9999575614929199,
   0.008886570110917091,
   -0.016986578702926636,
   -0.008844041265547276,
   0.9998165965080261
  ],
  [
   0.9998446106910706,
   -0.0028338294941931963,
   0.01740064099431038,
   0.0026797435712069273,
   0.9999570846557617,
   0.008872145786881447,
   -0.017425037920475006,
   -0.008824137970805168,
   0.9998093247413635
  ],
  [
   0.9998343586921692,
   -0.002747097285464406,
   0.017994511872529984,
   0.0025859023444354534,
   0.9999564290046692,
   0.008975145407021046,
   -0.01801837980747223,
   -0.008927126415073872,
   0.9997978806495667
  ],
  [
   0.9998232126235962,
   -0.002841848647221923,
   0.018589148297905922,
   0.0026686210185289383,
   0.9999528527259827,
   0.00933692418038845,
   -0.018614809960126877,
   -0.009285666048526764,
   0.9997835755348206
  ],
  [
   0.9998129606246948,
   -0.003130223834887147,
   0.019084947183728218,
   0.0029483558610081673,
   0.9999500513076782,
   0.009550096467137337,
   -0.01911388523876667,
   -0.009492041543126106,
   0.9997722506523132
  ],
  [
   0.9997960925102234,
   -0.003072289517149329,
   0.019956184551119804,
   0.00288457702845335,
   0.9999513626098633,
   0.009428219869732857,
   -0.019984181970357895,
   -0.009368732571601868,
   0.999756395816803
  ],
  [
   0.999782383441925,
   -0.0029927040450274944,
   0.0206452663987875,
   0.0027950643561780453,
   0.999950110912323,
   0.009595331735908985,
   -0.020672950893640518,
   -0.009535537101328373,
   0.9997407793998718
  ],
  [
   0.9997716546058655,
   -0.003268525470048189,
   0.021117111667990685,
   0.0030677567701786757,
   0.9999498724937439,
   0.00953279621899128,
   -0.02114720828831196,
   -0.00946583691984415,
   0.9997316002845764
  ],
  [
   0.9997496604919434,
   -0.0031594415195286274,
   0.022149797528982162,
   0.0029491253662854433,
   0.9999502897262573,
   0.009521432220935822,
   -0.022178778424859047,
   -0.009453725069761276,
   0.99970942735672
  ],
  [
   0.9997385144233704,
   -0.003197393147274852,
   0.022643985226750374,
   0.0029817065224051476,
   0.9999499320983887,
   0.009552479721605778,
   -0.02267339825630188,
   -0.009482461959123611,
   0.9996980428695679
  ],
  [
   0.9997247457504272,
   -0.0034153806045651436,
   0.023213032633066177,
   0.0031907428056001663,
   0.9999477863311768,
   0.009707379154860973,
   -0.02324497513473034,
   -0.009630640037357807,
   0.9996833801269531
  ],
  [
   0.9997061491012573,
   -0.0032544699497520924,
   0.024019967764616013,
   0.0030183515045791864,
   0.9999468326568604,
   0.009859808720648289,
   -0.024050775915384293,
   -0.009784411638975143,
   0.9996627569198608
  ],
  [
   0.9996968507766724,
   -0.003461772110313177,
   0.02437463030219078,
   0.003222965169698,
   0.9999465346336365,
   0.00982982013374567,
   -0.02440735697746277,
   -0.00974828191101551,
   0.9996545314788818
  ],
  [
   0.999678909778595,
   -0.0036367373540997505,
   0.025078171864151955,
   0.0033872430212795734,
   0.9999443888664246,
   0.009983980096876621,
   -0.02511308528482914,
   -0.009895829483866692,
   0.9996356964111328
  ],
  [
   0.9996638894081116,
   -0.0035731869284063578,
   0.02567565068602562,
   0.0033190844114869833,
   0.9999451637268066,
   0.009932455606758595,
   -0.025709733366966248,
   -0.009843898937106133,
   0.9996209144592285
  ],
  [
   0.9996534585952759,
   -0.0039042190182954073,
   0.026033079251646996,
   0.0036429676692932844,
   0.9999426007270813,
   0.01007524598389864,
   -0.02607092261314392,
   -0.009976916946470737,
   0.9996103644371033
  ],
  [
   0.9996142387390137,
   -0.0034632752649486065,
   0.027558263391256332,
   0.0031791222281754017,
   0.9999414086341858,
   0.010348132811486721,
   -0.027592487633228302,
   -0.010256528854370117,
   0.9995666146278381
  ],
  [
   0.9996060132980347,
   -0.0037726981099694967,
   0.027812866494059563,
   0.0034801685251295567,
   0.9999382495880127,
   0.010558683425188065,
   -0.027850979939103127,
   -0.010457731783390045,
   0.9995573163032532
  ],
  [
   0.9995888471603394,
   -0.003902923548594117,
   0.028404586017131805,
   0.003604835830628872,
   0.9999380111694336,
   0.010538008064031601,
   -0.028443951159715652,
   -0.010431281290948391,
   0.9995409250259399
  ],
  [
   0.9995660781860352,
   -0.0039276015013456345,
   0.029194647446274757,
   0.003615153254941106,
   0.9999357461929321,
   0.010747339576482773,
   -0.029234981164336205,
   -0.0106371333822608,
   0.9995160102844238
  ],
  [
   0.9995526671409607,
   -0.004066214896738529,
   0.029628446325659752,
   0.0037476341240108013,
   0.9999346137046814,
   0.010800140909850597,
   -0.02967042475938797,
   -0.010684273205697536,
   0.9995025396347046
  ],
  [
   0.9995235800743103,
   -0.004091211594641209,
   0.030590616166591644,
   0.003755795070901513,
   0.9999322891235352,
   0.011014122515916824,
   -0.030633606016635895,
   -0.010893982835114002,
   0.9994712471961975
  ],
  [
   0.9995036721229553,
   -0.004175948910415173,
   0.031223300844430923,
   0.003820465411990881,
   0.9999273419380188,
   0.011436209082603455,
   -0.03126878663897514,
   -0.011311246082186699,
   0.9994470477104187
  ],
  [
   0.9994669556617737,
   -0.004186111968010664,
   0.032376304268836975,
   0.0038119060918688774,
   0.9999253153800964,
   0.011611124500632286,
   -0.032422490417957306,
   -0.011481521651148796,
   0.9994082450866699
  ],
  [
   0.9994481205940247,
   -0.004359013866633177,
   0.03292965143918991,
   0.00397299462929368,
   0.9999226927757263,
   0.011778909713029861,
   -0.03297845274209976,
   -0.011641581542789936,
   0.9993882179260254
  ],
  [
   0.9994102120399475,
   -0.004346979781985283,
   0.03406218811869621,
   0.0039481413550674915,
   0.9999229311943054,
   0.011767638847231865,
   -0.03411071375012398,
   -0.011626215651631355,
   0.9993504881858826
  ],
  [
   0.9993823170661926,
   -0.004568751901388168,
   0.034845296293497086,
   0.004153002984821796,
   0.9999194741249084,
   0.011994317173957825,
   -0.03489729017019272,
   -0.011842195875942707,
   0.9993207454681396
  ],
  [
   0.9993325471878052,
   -0.004551506135612726,
   0.03624676540493965,
   0.004128668457269669,
   0.9999226927757263,
   0.011731859296560287,
   -0.036297354847192764,
   -0.011574376374483109,
   0.999273955821991
  ],
  [
   0.9993100762367249,
   -0.004721054341644049,
   0.036838605999946594,
   0.004276545252650976,
   0.999917209148407,
   0.012135862372815609,
   -0.0368928425014019,
   -0.011969947256147861,
   0.9992475509643555
  ],
  [
   0.999268651008606,
   -0.0047903163358569145,
   0.03793790936470032,
   0.004342429805546999,
   0.9999200105667114,
   0.01187938917428255,
   -0.037991784512996674,
   -0.011705958284437656,
   0.9992095232009888
  ],
  [
   0.9992416501045227,
   -0.004947551991790533,
   0.038620445877313614,
   0.004474665969610214,
   0.9999141097068787,
   0.012321293354034424,
   -0.03867808356881142,
   -0.012139137834310532,
   0.999177873134613
  ],
  [
   0.9991966485977173,
   -0.005023051518946886,
   0.03976058214902878,
   0.00452463561668992,
   0.9999101758003235,
   0.01261550560593605,
   -0.03982037678360939,
   -0.012425468303263187,
   0.999129593372345
  ],
  [
   0.9991710782051086,
   -0.005091737490147352,
   0.04038875550031662,
   0.004569556564092636,
   0.9999048709869385,
   0.013010659255087376,
   -0.04045115411281586,
   -0.012815313413739204,
   0.9990993738174438
  ],
  [
   0.9991328120231628,
   -0.005233629606664181,
   0.041305460035800934,
   0.004688984248787165,
   0.9999009370803833,
   0.013271674513816833,
   -0.041370831429958344,
   -0.013066483661532402,
   0.9990584254264832
  ],
  [
   0.9990732073783875,
   -0.005264899227768183,
   0.04272100329399109,
   0.0046909223310649395,
   0.9998975396156311,
   0.01352462824434042,
   -0.0427878312766552,
   -0.013311692513525486,
   0.9989954829216003
  ],
  [
   0.9990432262420654,
   -0.005412233993411064,
   0.04339667782187462,
   0.004826150368899107,
   0.9998958706855774,
   0.013598669320344925,
   -0.043465755879879,
   -0.013376221060752869,
   0.9989653825759888
  ],
  [
   0.9989929795265198,
   -0.00536887813359499,
   0.04454412683844566,
   0.004758475348353386,
   0.9998934864997864,
   0.013798058032989502,
   -0.04461346194148064,
   -0.013572201132774353,
   0.9989122152328491
  ],
  [
   0.9989362359046936,
   -0.0054640197195112705,
   0.04578731209039688,
   0.004832387436181307,
   0.9998918175697327,
   0.013894273899495602,
   -0.045858271420001984,
   -0.013658232986927032,
   0.9988546371459961
  ],
  [
   0.998879075050354,
   -0.005637825932353735,
   0.0469975620508194,
   0.004983279388397932,
   0.999889075756073,
   0.014032809063792229,
   -0.04707146808505058,
   -0.01378287747502327,
   0.9987964630126953
  ],
  [
   0.9988253116607666,
   -0.00575959961861372,
   0.04811270534992218,
   0.005075471941381693,
   0.9998844861984253,
   0.014329369179904461,
   -0.0481896810233593,
   -0.014068341813981533,
   0.9987391829490662
  ],
  [
   0.9987594485282898,
   -0.005775923375040293,
   0.049459364265203476,
   0.005076268687844276,
   0.9998854398727417,
   0.014259993098676205,
   -0.04953606054186821,
   -0.013991233892738819,
   0.9986743927001953
  ],
  [
   0.9986962080001831,
   -0.006028320174664259,
   0.05068960785865784,
   0.005315594840794802,
   0.9998853206634521,
   0.014183654449880123,
   -0.050769295543432236,
   -0.01389571838080883,
   0.998613715171814
  ],
  [
   0.9986454844474792,
   -0.006109921727329493,
   0.05166972056031227,
   0.00539828184992075,
   0.9998888373374939,
   0.01390121504664421,
   -0.051748909056186676,
   -0.013603460043668747,
   0.9985674619674683
  ],
  [
   0.9985893964767456,
   -0.006260069552809,
   0.05272684991359711,
   0.005534708499908447,
   0.9998881816864014,
   0.013891761191189289,
   -0.05280791595578194,
   -0.013580339029431343,
   0.998512327671051
  ],
  [
   0.9985213279724121,
   -0.006533051375299692,
   0.05396643653512001,
   0.0057675763964653015,
   0.9998807311058044,
   0.01432785764336586,
   -0.05405361205339432,
   -0.013995417393743992,
   0.9984399676322937
  ],
  [
   0.9984468817710876,
   -0.006371385417878628,
   0.05534709617495537,
   0.005582459736615419,
   0.9998807311058044,
   0.014397086575627327,
   -0.05543222278356552,
   -0.014065751805901527,
   0.9983634352684021
  ],
  [
   0.9983876347541809,
   -0.006483306176960468,
   0.05639159306883812,
   0.005655545741319656,
   0.9998741149902344,
   0.014826016500592232,
   -0.05648062005639076,
   -0.014483185485005379,
   0.998298704624176
  ],
  [
   0.9983330965042114,
   -0.006803527008742094,
   0.057311542332172394,
   0.00593809736892581,
   0.9998660087585449,
   0.015257220715284348,
   -0.057407669723033905,
   -0.014891467988491058,
   0.9982397556304932
  ],
  [
   0.9982659220695496,
   -0.006851680111140013,
   0.0584658682346344,
   0.00596753740683198,
   0.9998654127120972,
   0.015283586457371712,
   -0.05856271833181381,
   -0.01490818616002798,
   0.998172402381897
  ],
  [
   0.9981852173805237,
   -0.006921057589352131,
   0.05982033163309097,
   0.0060247015208005905,
   0.9998670220375061,
   0.015151523984968662,
   -0.05991724878549576,
   -0.014763628132641315,
   0.9980942606925964
  ],
  [
   0.9980830550193787,
   -0.006972488947212696,
   0.061495229601860046,
   0.006049483548849821,
   0.9998664259910583,
   0.015182822942733765,
   -0.06159287691116333,
   -0.014781701378524303,
   0.9979919195175171
  ],
  [
   0.9979944825172424,
   -0.0070723723620176315,
   0.06290534138679504,
   0.006114103831350803,
   0.999862551689148,
   0.015412978827953339,
   -0.06300570070743561,
   -0.014997457154095173,
   0.9979004859924316
  ],
  [
   0.9978954195976257,
   -0.007061509881168604,
   0.06445857137441635,
   0.006065132562071085,
   0.9998593330383301,
   0.015640245750546455,
   -0.0645599439740181,
   -0.01521638035774231,
   0.9977978467941284
  ],
  [
   0.9977984428405762,
   -0.007151431404054165,
   0.06593327969312668,
   0.006128652486950159,
   0.9998579025268555,
   0.015701567754149437,
   -0.06603620201349258,
   -0.015262916684150696,
   0.9977005124092102
  ],
  [
   0.9977128505706787,
   -0.0073542045429348946,
   0.06719326227903366,
   0.006294834893196821,
   0.9998527765274048,
   0.015964152291417122,
   -0.06730077415704727,
   -0.015504671260714531,
   0.9976122379302979
  ],
  [
   0.9976202249526978,
   -0.007387866731733084,
   0.06855137646198273,
   0.006291933823376894,
   0.9998491406440735,
   0.016189198940992355,
   -0.06866065412759781,
   -0.015719354152679443,
   0.9975162744522095
  ],
  [
   0.9975414276123047,
   -0.0075834933668375015,
   0.06966789066791534,
   0.006437088828533888,
   0.9998404383659363,
   0.016665073111653328,
   -0.06978315114974976,
   -0.01617564633488655,
   0.9974309802055359
  ],
  [
   0.9974634051322937,
   -0.007825912907719612,
   0.07075025886297226,
   0.006619437597692013,
   0.9998289942741394,
   0.01727098971605301,
   -0.07087332010269165,
   -0.01675885170698166,
   0.997344434261322
  ],
  [
   0.9973766803741455,
   -0.007923129945993423,
   0.07195150852203369,
   0.006701420061290264,
   0.9998295307159424,
   0.01720517873764038,
   -0.07207556813955307,
   -0.016677865758538246,
   0.9972597360610962
  ],
  [
   0.9972545504570007,
   -0.007954665459692478,
   0.07362128049135208,
   0.006702471058815718,
   0.9998289346694946,
   0.017240038141608238,
   -0.07374581694602966,
   -0.01669926568865776,
   0.997137188911438
  ],
  [
   0.9971312284469604,
   -0.008029908873140812,
   0.07526551187038422,
   0.006738410796970129,
   0.9998259544372559,
   0.017397508025169373,
   -0.07539212703704834,
   -0.016840428113937378,
   0.9970117807388306
  ],
  [
   0.9970013499259949,
   -0.008185247890651226,
   0.07694993168115616,
   0.006860189605504274,
   0.9998239278793335,
   0.017468340694904327,
   -0.07707934826612473,
   -0.016888068988919258,
   0.9968819618225098
  ],
  [
   0.996868908405304,
   -0.008186188526451588,
   0.07864739745855331,
   0.006831863429397345,
   0.9998239874839783,
   0.017473865300416946,
   -0.07877659797668457,
   -0.01688184030354023,
   0.9967494010925293
  ],
  [
   0.9967330098152161,
   -0.008395436219871044,
   0.08032996952533722,
   0.007008020766079426,
   0.999821662902832,
   0.017537835985422134,
   -0.08046288788318634,
   -0.016917582601308823,
   0.9966139197349548
  ],
  [
   0.9966083765029907,
   -0.008500569500029087,
   0.08185012638568878,
   0.00706621864810586,
   0.9998166561126709,
   0.017797857522964478,
   -0.08198641240596771,
   -0.017159124836325645,
   0.996485710144043
  ],
  [
   0.99648118019104,
   -0.008548137731850147,
   0.08337926119565964,
   0.007054033223539591,
   0.9998095631599426,
   0.01819753088057041,
   -0.08351894468069077,
   -0.017545340582728386,
   0.9963517189025879
  ],
  [
   0.9963654279708862,
   -0.008705215528607368,
   0.08473501354455948,
   0.007145156152546406,
   0.9997997283935547,
   0.018696939572691917,
   -0.0848807841539383,
   -0.0180235393345356,
   0.9962280988693237
  ],
  [
   0.9962539672851562,
   -0.009027437306940556,
   0.08600329607725143,
   0.007418609689921141,
   0.9997918605804443,
   0.019007844850420952,
   -0.08615697920322418,
   -0.018298616632819176,
   0.9961134195327759
  ],
  [
   0.9961172938346863,
   -0.00906052440404892,
   0.0875684842467308,
   0.0073819151148200035,
   0.9997830986976624,
   0.019473962485790253,
   -0.0877259373664856,
   -0.018751928582787514,
   0.9959681034088135
  ],
  [
   0.9959796667098999,
   -0.00929858535528183,
   0.08909579366445541,
   0.00756388483569026,
   0.9997755289077759,
   0.019787946715950966,
   -0.0892598032951355,
   -0.019034482538700104,
   0.9958264231681824
  ],
  [
   0.99578857421875,
   -0.009397770278155804,
   0.09119628369808197,
   0.007621577475219965,
   0.9997747540473938,
   0.019805343821644783,
   -0.0913618728518486,
   -0.019026877358555794,
   0.9956360459327698
  ],
  [
   0.995603621006012,
   -0.009488782845437527,
   0.09318498522043228,
   0.007682291325181723,
   0.9997759461402893,
   0.019725698977708817,
   -0.09335126727819443,
   -0.01892310194671154,
   0.9954533576965332
  ],
  [
   0.9954068660736084,
   -0.009540576487779617,
   0.09525889158248901,
   0.007714246865361929,
   0.9997797012329102,
