{
 "rotation": [
  [
   1.0,
   0.00015066959895193577,
   0.00016371636593248695,
   -0.00015065251500345767,
   1.0,
   -0.00010435267176944762,
   -0.0001637320820009336,
   0.00010432799899717793,
   1.0
  ],
  [
   0.9999998807907104,
   0.00038761162431910634,
   -0.0002317425241926685,
   -0.00038772643893025815,
   0.9999997615814209,
   -0.0004955401527695358,
   0.00023155039525590837,
   0.0004956300253979862,
   0.9999998807907104
  ],
  [
   0.9999997615814209,
   0.0005433697951957583,
   -0.00030194094870239496,
   -0.0005436608335003257,
   0.9999993443489075,
   -0.0009643784142099321,
   0.00030141675961203873,
   0.0009645425016060472,
   0.9999995231628418
  ],
  [
   0.9999994039535522,
   0.0007619638345204294,
   -0.0007412453996948898,
   -0.0007627247250638902,
   0.9999991655349731,
   -0.0010266515891999006,
   0.0007404625648632646,
   0.0010272162035107613,
   0.9999991655349731
  ],
  [
   0.9999987483024597,
   0.0009742610855028033,
   -0.0012520002201199532,
   -0.0009758892119862139,
   0.9999986886978149,
   -0.0013004208449274302,
   0.0012507318751886487,
   0.0013016408775001764,
   0.9999983310699463
  ],
  [
   0.9999978542327881,
   0.0011543690925464034,
   -0.0017480425303801894,
   -0.001156918820925057,
   0.9999982714653015,
   -0.001458307378925383,
   0.0017463561380282044,
   0.001460326719097793,
   0.9999973773956299
  ],
  [
   0.9999971389770508,
   0.001123180496506393,
   -0.0021351331379264593,
   -0.0011270553804934025,
   0.9999977350234985,
   -0.0018144919304177165,
   0.0021330902818590403,
   0.0018168931128457189,
   0.9999960660934448
  ],
  [
   0.9999955296516418,
   0.0016010650433599949,
   -0.0025402233004570007,
   -0.0016059927875176072,
   0.9999968409538269,
   -0.0019390654051676393,
   0.002537110587581992,
   0.0019431360997259617,
   0.9999948740005493
  ],
  [
   0.9999945163726807,
   0.0016961469082161784,
   -0.002841571345925331,
   -0.0017025815322995186,
   0.9999960064888,
   -0.0022635464556515217,
   0.0028377205599099398,
   0.0022683723364025354,
   0.9999934434890747
  ],
  [
   0.9999939799308777,
   0.0017479491652920842,
   -0.0029959208332002163,
   -0.0017552056815475225,
   0.9999955296516418,
   -0.0024211343843489885,
   0.0029916756320744753,
   0.0024263784289360046,
   0.9999926090240479
  ],
  [
   0.9999934434890747,
   0.002272841753438115,
   -0.0028077708557248116,
   -0.002282112604007125,
   0.9999919533729553,
   -0.003303024685010314,
   0.0028002411127090454,
   0.003309410996735096,
   0.9999905824661255
  ],
  [
   0.9999947547912598,
   0.002200154587626457,
   -0.0023775403387844563,
   -0.0022089469712227583,
   0.999990701675415,
   -0.0037017862778156996,
   0.0023693740367889404,
   0.0037070184480398893,
   0.9999902248382568
  ],
  [
   0.9999894499778748,
   0.0015362349804490805,
   -0.004340005107223988,
   -0.0015475939726457,
   0.9999953508377075,
   -0.0026151230558753014,
   0.004335967358201742,
   0.002621812280267477,
   0.9999871253967285
  ],
  [
   0.9999917149543762,
   0.0008462356636300683,
   -0.003983171656727791,
   -0.0008583036833442748,
   0.9999950528144836,
   -0.0030290086288005114,
   0.0039805881679058075,
   0.003032402601093054,
   0.9999874830245972
  ],
  [
   0.9999837875366211,
   0.002399927005171776,
   -0.005164860747754574,
   -0.002414720831438899,
   0.9999930262565613,
   -0.002860013861209154,
   0.005157961044460535,
   0.00287243933416903,
   0.9999825954437256
  ],
  [
   0.9999911785125732,
   0.0027180856559425592,
   -0.0031985165551304817,
   -0.0027290107682347298,
   0.9999904632568359,
   -0.0034162483643740416,
   0.0031892000697553158,
   0.0034249473828822374,
   0.9999890327453613
  ],
  [
   0.9999749660491943,
   0.002993264002725482,
   -0.006406051572412252,
   -0.0030224542133510113,
   0.9999850392341614,
   -0.00455180648714304,
   0.006392331328243017,
   0.004571054596453905,
   0.9999690055847168
  ],
  [
   0.9999699592590332,
   0.003113914979621768,
   -0.007103337906301022,
   -0.00314803677611053,
   0.999983549118042,
   -0.004797562025487423,
   0.007088282145559788,
   0.004819778725504875,
   0.9999632835388184
  ],
  [
   0.9999644160270691,
   0.0033810874447226524,
   -0.007731135003268719,
   -0.0034205177798867226,
   0.9999812245368958,
   -0.005092646460980177,
   0.007713771890848875,
   0.005118908826261759,
   0.9999570846557617
  ],
  [
   0.9999596476554871,
   0.003611022839322686,
   -0.008229504339396954,
   -0.0036574022378772497,
   0.9999774694442749,
   -0.005627686157822609,
   0.008208997547626495,
   0.005657557863742113,
   0.9999502897262573
  ],
  [
   0.9999570846557617,
   0.0037724082358181477,
   -0.008465901017189026,
   -0.003822915256023407,
   0.9999749064445496,
   -0.0059576621279120445,
   0.008443214930593967,
   0.005989770870655775,
   0.9999464750289917
  ],
  [
   0.9999529123306274,
   0.0040624444372951984,
   -0.008816644549369812,
   -0.0041160136461257935,
   0.9999731183052063,
   -0.006066236644983292,
   0.008791765198111534,
   0.006102240178734064,
   0.9999426603317261
  ],
  [
   0.999947726726532,
   0.004254160914570093,
   -0.009302574209868908,
   -0.004313828889280558,
   0.9999701976776123,
   -0.006403524428606033,
   0.009275054559111595,
   0.006443319376558065,
   0.9999362230300903
  ],
  [
   0.9999427199363708,
   0.004258142784237862,
   -0.009818408638238907,
   -0.004323312547057867,
   0.9999687075614929,
   -0.0066258409060537815,
   0.009789886884391308,
   0.006667909678071737,
   0.9999297857284546
  ],
  [
   0.9999348521232605,
   0.004500850103795528,
   -0.01049366220831871,
   -0.004573633894324303,
   0.9999655485153198,
   -0.006922272499650717,
   0.010462145321071148,
   0.006969814654439688,
   0.9999209642410278
  ],
  [
   0.9999268651008606,
   0.004741807468235493,
   -0.011129157617688179,
   -0.004822796676307917,
   0.9999619722366333,
   -0.0072617121040821075,
   0.011094301007688046,
   0.007314855232834816,
   0.9999116659164429
  ],
  [
   0.9999210238456726,
   0.0049425107426941395,
   -0.01155820582062006,
   -0.00502969091758132,
   0.9999589920043945,
   -0.007525842636823654,
   0.011520535685122013,
   0.007583382073789835,
   0.9999048709869385
  ],
  [
   0.9999136328697205,
   0.005269342567771673,
   -0.012039621360599995,
   -0.005363554693758488,
   0.9999551773071289,
   -0.007806283421814442,
   0.01199794840067625,
   0.007870185188949108,
   0.9998971223831177
  ],
  [
   0.9999054074287415,
   0.005581011064350605,
   -0.012571001425385475,
   -0.005682720802724361,
   0.9999513030052185,
   -0.008069701492786407,
   0.012525352649390697,
   0.008140376769006252,
   0.9998884201049805
  ],
  [
   0.999897301197052,
   0.005740315653383732,
   -0.013131396844983101,
   -0.005849373992532492,
   0.9999486207962036,
   -0.008281898684799671,
   0.013083183206617832,
   0.008357858285307884,
   0.9998794794082642
  ],
  [
   0.9998887181282043,
   0.006054695695638657,
   -0.013636529445648193,
   -0.006171035580337048,
   0.9999447464942932,
   -0.008505646139383316,
   0.013584278523921967,
   0.008588851429522038,
   0.999870777130127
  ],
  [
   0.9998807311058044,
   0.006301572546362877,
   -0.014102339744567871,
   -0.006424934137612581,
   0.999941349029541,
   -0.00871946755796671,
   0.014046565629541874,
   0.008809034712612629,
   0.999862551689148
  ],
  [
   0.9998729825019836,
   0.006500012706965208,
   -0.014551651664078236,
   -0.006630865391343832,
   0.999937891960144,
   -0.008962150663137436,
   0.014492493122816086,
   0.009057502262294292,
   0.9998539686203003
  ],
  [
   0.9998630285263062,
   0.006656569428741932,
   -0.015155430883169174,
   -0.006795790046453476,
   0.9999350309371948,
   -0.009153277613222599,
   0.015093517489731312,
   0.009255017153918743,
   0.9998432397842407
  ],
  [
   0.9998531341552734,
   0.006881625857204199,
   -0.015698721632361412,
   -0.007028665859252214,
   0.9999317526817322,
   -0.009330452419817448,
   0.015633443370461464,
   0.009439423680305481,
   0.9998332262039185
  ],
  [
   0.9998443126678467,
   0.0069570038467645645,
   -0.016217749565839767,
   -0.007112431805580854,
   0.9999291896820068,
   -0.009545900858938694,
   0.01615019142627716,
   0.009659762494266033,
   0.9998229146003723
  ],
  [
   0.999833881855011,
   0.00709550641477108,
   -0.016791045665740967,
   -0.007261901628226042,
   0.9999249577522278,
   -0.009869624860584736,
   0.0167197547852993,
   0.009989920072257519,
   0.9998103976249695
  ],
  [
   0.999823272228241,
   0.007314198650419712,
   -0.017314642667770386,
   -0.007491602562367916,
   0.9999198913574219,
   -0.010203264653682709,
   0.017238622531294823,
   0.010331177152693272,
   0.9997979998588562
  ],
  [
   0.9998117685317993,
   0.007656416855752468,
   -0.017824772745370865,
   -0.007842362858355045,
   0.9999153017997742,
   -0.010385449044406414,
   0.017743749544024467,
   0.010523282922804356,
   0.9997871518135071
  ],
  [
   0.9998006820678711,
   0.008042010478675365,
   -0.018270518630743027,
   -0.008234832435846329,
   0.9999109506607056,
   -0.010503148660063744,
   0.018184425309300423,
   0.010651513002812862,
   0.9997778534889221
  ],
  [
   0.9997904896736145,
   0.008182787336409092,
   -0.018762024119496346,
   -0.008384613320231438,
   0.9999076128005981,
   -0.01070386916399002,
   0.018672700971364975,
   0.010858939029276371,
   0.9997667670249939
  ],
  [
   0.9997780919075012,
   0.008327522315084934,
   -0.01934758760035038,
   -0.008540362119674683,
   0.999903678894043,
   -0.010944348759949207,
   0.01925458014011383,
   0.011107156053185463,
   0.999752938747406
  ],
  [
   0.9997652173042297,
   0.008525465615093708,
   -0.01991858147084713,
   -0.008750731125473976,
   0.9998984336853027,
   -0.011249697767198086,
   0.019820647314190865,
   0.01142135914415121,
   0.9997382760047913
  ],
  [
   0.9997512698173523,
   0.008674749173223972,
   -0.02054660953581333,
   -0.008914194069802761,
   0.999893069267273,
   -0.011590976268053055,
   0.020443864166736603,
   0.01177124958485365,
   0.9997217059135437
  ],
  [
   0.9997407793998718,
   0.008668025024235249,
   -0.02105347439646721,
   -0.008919265121221542,
   0.9998897910118103,
   -0.011869018897414207,
   0.020948274061083794,
   0.012053723447024822,
   0.9997078776359558
  ],
  [
   0.9997308254241943,
   0.008913944475352764,
   -0.021421892568469048,
   -0.009175257757306099,
   0.999884307384491,
   -0.012131236493587494,
   0.021311277523636818,
   0.012324521318078041,
   0.9996969699859619
  ],
  [
   0.999721348285675,
   0.009070885367691517,
   -0.021792573854327202,
   -0.00933699868619442,
   0.9998827576637268,
   -0.01214064471423626,
   0.021679891273379326,
   0.012340739369392395,
   0.9996887445449829
  ],
  [
   0.9997113943099976,
   0.009057086892426014,
   -0.022251786664128304,
   -0.009330037981271744,
   0.999882161617279,
   -0.012193473055958748,
   0.022138725966215134,
   0.012397564016282558,
   0.9996780157089233
  ],
  [
   0.9996975064277649,
   0.009175886400043964,
   -0.022814396768808365,
   -0.009460379369556904,
   0.9998784065246582,
   -0.012393403798341751,
   0.022697901353240013,
   0.012605489231646061,
   0.9996629953384399
  ],
  [
   0.999683678150177,
   0.009379577822983265,
   -0.023335902020335197,
   -0.009674075059592724,
   0.9998745918273926,
   -0.012539266608655453,
   0.023215359076857567,
   0.012761054560542107,
   0.9996490478515625
  ],
  [
   0.9996694922447205,
   0.009508762508630753,
   -0.023884812369942665,
   -0.009812579490244389,
   0.9998720288276672,
   -0.01263523194938898,
   0.023761609569191933,
   0.012865427881479263,
   0.999634861946106
  ],
  [
   0.9996538758277893,
   0.009671783074736595,
   -0.02446473203599453,
   -0.009985764510929585,
   0.9998689293861389,
   -0.012744623236358166,
   0.024338262155652046,
   0.012984511442482471,
   0.9996194839477539
  ],
  [
   0.9996402859687805,
   0.009765369817614555,
   -0.02498047798871994,
   -0.01009039394557476,
   0.9998656511306763,
   -0.012918291613459587,
   0.02485097013413906,
   0.01316570769995451,
   0.9996045231819153
  ],
  [
   0.9996250867843628,
   0.009937938302755356,
   -0.025513777509331703,
   -0.01027452852576971,
   0.9998614192008972,
   -0.013095461763441563,
   0.025380102917551994,
   0.013352693989872932,
   0.999588668346405
  ],
  [
   0.9996103048324585,
   0.010097186081111431,
   -0.026022592559456825,
   -0.01044277474284172,
   0.9998586177825928,
   -0.013178801164031029,
   0.025885844603180885,
   0.013445413671433926,
   0.9995744824409485
  ],
  [
   0.999596893787384,
   0.010266713798046112,
   -0.026471151039004326,
   -0.010625433176755905,
   0.9998531341552734,
   -0.013446478173136711,
   0.02632920816540718,
   0.01372232474386692,
   0.9995591044425964
  ],
  [
   0.99958336353302,
   0.010349741205573082,
   -0.0269438736140728,
   -0.010717746801674366,
   0.9998507499694824,
   -0.013549862429499626,
   0.026799611747264862,
   0.013832994736731052,
   0.9995450377464294
  ],
  [
   0.9995651245117188,
   0.010521977208554745,
   -0.027545828372240067,
   -0.010903740301728249,
   0.9998461008071899,
   -0.013745865784585476,
   0.027396954596042633,
   0.01404024101793766,
   0.9995261430740356
  ],
  [
   0.9995479583740234,
   0.010757333599030972,
   -0.02807442657649517,
   -0.011150766164064407,
   0.9998413324356079,
   -0.0138951875269413,
   0.027920499444007874,
   0.014201956801116467,
   0.9995092153549194
  ],
  [
   0.9995342493057251,
   0.010824829339981079,
   -0.028531238436698914,
   -0.01123266015201807,
   0.9998365044593811,
   -0.014172952622175217,
   0.028373152017593384,
   0.014486834406852722,
   0.9994924068450928
  ],
  [
   0.9995201230049133,
   0.011063293553888798,
   -0.028932152315974236,
   -0.011483901180326939,
   0.9998301863670349,
   -0.01441224291920662,
   0.028767790645360947,
   0.014737579971551895,
   0.9994774460792542
  ],
  [
   0.9995034337043762,
   0.011119932867586613,
   -0.029483512043952942,
   -0.011553342454135418,
   0.9998271465301514,
   -0.014570679515600204,
   0.029316391795873642,
   0.014904079027473927,
   0.9994589686393738
  ],
  [
   0.9994879961013794,
   0.011197138577699661,
   -0.02997375652194023,
   -0.011642856523394585,
   0.9998236298561096,
   -0.014737267047166824,
   0.029803456738591194,
   0.015078702941536903,
   0.9994420409202576
  ],
  [
   0.9994711875915527,
   0.01138752419501543,
   -0.030455803498625755,
   -0.01184477936476469,
   0.9998191595077515,
   -0.014875677414238453,
   0.03028089553117752,
   0.015228555537760258,
   0.9994255304336548
  ],
  [
   0.9994562268257141,
   0.011446698568761349,
   -0.030922815203666687,
   -0.011911958456039429,
   0.999817967414856,
   -0.014903745613992214,
   0.030746588483452797,
   0.015263994224369526,
   0.9994107484817505
  ],
  [
   0.9994441270828247,
   0.011522694490849972,
   -0.031283844262361526,
   -0.011995929293334484,
   0.999815821647644,
   -0.014981784857809544,
   0.03110545314848423,
   0.015348737128078938,
   0.9993983507156372
  ],
  [
   0.999430239200592,
   0.011647331528365612,
   -0.03168056905269623,
   -0.012129499576985836,
   0.9998128414154053,
   -0.015070272609591484,
   0.03149911388754845,
   0.015445954166352749,
   0.9993844032287598
  ],
  [
   0.9994191527366638,
   0.0118928924202919,
   -0.03193586319684982,
   -0.012386239133775234,
   0.9998063445091248,
   -0.015294895507395267,
   0.03174777701497078,
   0.01568157784640789,
   0.9993728995323181
  ],
  [
   0.9994047284126282,
   0.012187214568257332,
   -0.0322737842798233,
   -0.01269081886857748,
   0.9998002052307129,
   -0.015445508994162083,
   0.03207908943295479,
   0.015845898538827896,
   0.999359667301178
  ],
  [
   0.9993861317634583,
   0.012377995997667313,
   -0.032774221152067184,
   -0.01289758738130331,
   0.9997937679290771,
   -0.015689978376030922,
   0.03257324919104576,
   0.01610305719077587,
   0.9993396401405334
  ],
  [
   0.9993718266487122,
   0.012400774285197258,
   -0.033199116587638855,
   -0.012930361554026604,
   0.9997918009757996,
   -0.01578494906425476,
   0.03299646079540253,
   0.016204312443733215,
   0.9993242025375366
  ],
  [
   0.9993554353713989,
   0.012386868707835674,
   -0.03369370475411415,
   -0.012924893759191036,
   0.99979168176651,
   -0.01579742319881916,
   0.03349100425839424,
   0.01622273027896881,
   0.9993072748184204
  ],
  [
   0.999338686466217,
   0.012531518004834652,
   -0.034133248031139374,
   -0.013078998774290085,
   0.9997885823249817,
   -0.015863720327615738,
   0.03392723202705383,
   0.0162996593862772,
   0.9992914199829102
  ],
  [
   0.9993211030960083,
   0.012599489651620388,
   -0.03462029621005058,
   -0.013156055472791195,
   0.9997870922088623,
   -0.015895796939730644,
   0.03441264480352402,
   0.016340471804142,
   0.9992740750312805
  ],
  [
   0.9993005394935608,
   0.01273473259061575,
   -0.035159945487976074,
   -0.013302002102136612,
   0.9997843503952026,
   -0.01594739966094494,
   0.034949276596307755,
   0.01640394516289234,
   0.9992544054985046
  ],
  [
   0.999289333820343,
   0.012710086070001125,
   -0.035488925874233246,
   -0.013288055546581745,
   0.9997820854187012,
   -0.016097793355584145,
   0.03527658432722092,
   0.016557930037379265,
   0.999240517616272
  ],
  [
   0.999274492263794,
   0.012749185785651207,
   -0.035885464400053024,
   -0.013337790034711361,
   0.9997796416282654,
   -0.016210967674851418,
   0.035670872777700424,
   0.016677843406796455,
   0.9992244243621826
  ],
  [
   0.9992560744285583,
   0.012852383777499199,
   -0.036361102014780045,
   -0.013446414843201637,
   0.9997792840003967,
   -0.0161399245262146,
   0.0361456423997879,
   0.01661684364080429,
   0.999208390712738
  ],
  [
   0.9992411136627197,
   0.012987292371690273,
   -0.036721084266901016,
   -0.013580406084656715,
   0.9997805953025818,
   -0.015948820859193802,
   0.036505889147520065,
   0.016435405239462852,
   0.9991983771324158
  ],
  [
   0.9992257356643677,
   0.01311483420431614,
   -0.03709406405687332,
   -0.013709571212530136,
   0.9997808337211609,
   -0.015824515372514725,
   0.036878395825624466,
   0.016320807859301567,
   0.9991864562034607
  ],
  [
   0.9992057681083679,
   0.01327064074575901,
   -0.0375717431306839,
   -0.01387082040309906,
   0.9997796416282654,
   -0.015758879482746124,
   0.037354327738285065,
   0.01626751385629177,
   0.9991697072982788
  ],
  [
   0.9991927146911621,
   0.013291599228978157,
   -0.037911321967840195,
   -0.013895533978939056,
   0.9997800588607788,
   -0.01571146585047245,
   0.03769414499402046,
   0.016225581988692284,
   0.9991575479507446
  ],
  [
   0.9991831183433533,
   0.013333259150385857,
   -0.0381486639380455,
   -0.013942795805633068,
   0.999778687953949,
   -0.015756756067276,
   0.03793013468384743,
   0.016275787726044655,
   0.9991477727890015
  ],
  [
   0.9991714954376221,
   0.01346871443092823,
   -0.03840376064181328,
   -0.014086451381444931,
   0.9997749924659729,
   -0.01586037687957287,
   0.03818149492144585,
   0.016388211399316788,
   0.9991363883018494
  ],
  [
   0.9991636872291565,
   0.013449580408632755,
   -0.038614168763160706,
   -0.014074195176362991,
   0.9997737407684326,
   -0.01594979129731655,
   0.03839091211557388,
   0.016479916870594025,
   0.9991268515586853
  ],
  [
   0.9991528987884521,
   0.013484732247889042,
   -0.03887973725795746,
   -0.014121945947408676,
   0.9997696280479431,
   -0.016161568462848663,
   0.038652848452329636,
   0.016696933656930923,
   0.999113142490387
  ],
  [
   0.9991435408592224,
   0.013454259373247623,
   -0.03913022205233574,
   -0.014097072184085846,
   0.9997694492340088,
   -0.01619827002286911,
   0.038903262466192245,
   0.016736015677452087,
   0.9991028308868408
  ],
  [
   0.9991332292556763,
   0.013514259830117226,
   -0.03937162458896637,
   -0.014155193231999874,
   0.9997710585594177,
   -0.016046030446887016,
   0.039145756512880325,
   0.016589436680078506,
   0.9990957975387573
  ],
  [
   0.9991229176521301,
   0.013624969869852066,
   -0.03959488868713379,
   -0.014258644543588161,
   0.9997740387916565,
   -0.015765806660056114,
   0.03937113285064697,
   0.016316546127200127,
   0.999091386795044
  ],
  [
   0.9991153478622437,
   0.013684473000466824,
   -0.039764754474163055,
   -0.014316095970571041,
   0.9997751116752625,
   -0.01564284786581993,
   0.03954174742102623,
   0.016198286786675453,
   0.9990866184234619
  ],
  [
   0.9991099834442139,
   0.013687169179320335,
   -0.039897818118333817,
   -0.014317246153950691,
   0.9997765421867371,
   -0.015549525618553162,
   0.039676081389188766,
   0.01610691286623478,
   0.9990828037261963
  ],
  [
   0.999108076095581,
   0.013727519661188126,
   -0.03993357717990875,
   -0.01435829047113657,
   0.9997760057449341,
   -0.015551820397377014,
   0.03971114382147789,
   0.016111327335238457,
   0.9990812540054321
  ],
  [
   0.9991044998168945,
   0.01363682933151722,
   -0.04005393013358116,
   -0.01426944974809885,
   0.9997771978378296,
   -0.015551011078059673,
   0.0398329421877861,
   0.01610863208770752,
   0.9990764856338501
  ],
  [
   0.9991028308868408,
   0.013657590374350548,
   -0.040086112916469574,
   -0.014292102307081223,
   0.9997763633728027,
   -0.015585079789161682,
   0.039864297956228256,
   0.01614401303231716,
   0.9990746974945068
  ],
  [
   0.9990965127944946,
   0.013613875024020672,
   -0.04025837779045105,
   -0.014249715954065323,
   0.9997775554656982,
   -0.015549495816230774,
   0.04003772884607315,
   0.016109120100736618,
   0.9990683197975159
  ],
  [
   0.9990938305854797,
   0.013660556636750698,
   -0.04031095281243324,
   -0.014292419888079166,
   0.9997788071632385,
   -0.01542838104069233,
   0.040091272443532944,
   0.015990538522601128,
   0.9990680813789368
  ],
  [
   0.999088704586029,
   0.01374735776335001,
   -0.04040708765387535,
   -0.014374847523868084,
   0.9997799396514893,
   -0.015279926359653473,
   0.040188129991292953,
   0.015846848487854004,
   0.9990664124488831
  ],
  [
   0.9990856647491455,
   0.013745308853685856,
   -0.040482062846422195,
   -0.01437016949057579,
   0.9997814297676086,
   -0.015185139141976833,
   0.040264490991830826,
   0.015752991661429405,
   0.9990649819374084
  ],
  [
   0.9990869760513306,
   0.013662650249898434,
   -0.04047887399792671,
   -0.014285002835094929,
   0.9997835755348206,
   -0.015125609934329987,
   0.04026345536112785,
   0.015690039843320847,
   0.9990660548210144
  ],
  [
   0.9990870356559753,
   0.013523168861865997,
   -0.040524717420339584,
   -0.01414207648485899,
   0.9997870922088623,
   -0.015024804510176182,
   0.040312908589839935,
   0.015584191307425499,
   0.9990655779838562
  ],
  [
   0.9990852475166321,
   0.013421421870589256,
   -0.0406009666621685,
   -0.014038993045687675,
   0.9997894763946533,
   -0.014964032918214798,
   0.040391579270362854,
   0.015520342625677586,
   0.9990634322166443
  ],
  [
   0.9990856051445007,
   0.013372293673455715,
   -0.040610380470752716,
   -0.013990402221679688,
   0.9997899532318115,
   -0.014974573627114296,
   0.040401607751846313,
   0.015529036521911621,
   0.9990629553794861
  ],
  [
   0.999086320400238,
   0.013215427286922932,
   -0.04064313322305679,
   -0.0138314263895154,
   0.9997931718826294,
   -0.014912601560354233,
   0.04043765738606453,
   0.015461129136383533,
   0.9990624785423279
  ],
  [
   0.9990851283073425,
   0.0131207425147295,
   -0.040702853351831436,
   -0.013736089691519737,
   0.9997950196266174,
   -0.01487534586340189,
   0.04049933701753616,
   0.015420837327837944,
   0.9990605711936951
  ],
  [
   0.9990890622138977,
   0.012996428646147251,
   -0.0406453013420105,
   -0.01360826101154089,
   0.9997976422309875,
   -0.014812660403549671,
   0.04044456034898758,
   0.0153522789478302,
   0.9990639090538025
  ],
  [
   0.9990950226783752,
   0.01301091443747282,
   -0.04049504175782204,
   -0.013622350059449673,
   0.9997968077659607,
   -0.014859884977340698,
   0.04029347002506256,
   0.015398075804114342,
   0.9990692734718323
  ],
  [
   0.9991000294685364,
   0.012976527214050293,
   -0.04038095474243164,
   -0.013587982393801212,
   0.9997966289520264,
   -0.014904739335179329,
   0.040179330855607986,
   0.015440022572875023,
   0.9990731477737427
  ],
  [
   0.9991007447242737,
   0.01284080557525158,
   -0.04040795564651489,
   -0.013451600447297096,
   0.9997987747192383,
   -0.014880298636853695,
   0.04020875319838524,
   0.015410472638905048,
   0.9990724325180054
  ],
  [
   0.9991013407707214,
   0.01270184013992548,
   -0.0404369980096817,
   -0.013312353752553463,
   0.9998009204864502,
   -0.014864602126181126,
   0.04024013504385948,
   0.015389557927846909,
   0.999071478843689
  ],
  [
   0.9991050362586975,
   0.012696618214249611,
   -0.040346696972846985,
   -0.013302063569426537,
   0.9998023509979248,
   -0.014773163013160229,
   0.04015115648508072,
   0.015296636149287224,
   0.9990764856338501
  ],
  [
   0.9991098642349243,
   0.012774164788424969,
   -0.04020340368151665,
   -0.013371854089200497,
   0.9998034834861755,
   -0.014632979407906532,
   0.040008582174777985,
   0.015157547779381275,
   0.9990843534469604
  ],
  [
   0.9991195797920227,
   0.012661308981478214,
   -0.03999723121523857,
   -0.013254376128315926,
   0.9998056292533875,
   -0.014597463421523571,
   0.03980462998151779,
   0.01511474885046482,
   0.9990931749343872
  ],
  [
   0.9991281032562256,
   0.012520494870841503,
   -0.03982767462730408,
   -0.013108961284160614,
   0.9998081922531128,
   -0.014548644423484802,
   0.03963787853717804,
   0.015058060176670551,
   0.9991006851196289
  ],
  [
   0.9991341233253479,
   0.012503133155405521,
   -0.039681535214185715,
   -0.013092147186398506,
   0.9998074173927307,
   -0.014618518762290478,
   0.03949112445116043,
   0.015125377103686333,
   0.9991053938865662
  ],
  [
   0.9991475939750671,
   0.012621433474123478,
   -0.03930359706282616,
   -0.013210327364504337,
   0.9998037815093994,
   -0.014759697020053864,
   0.039109595119953156,
   0.015266329981386662,
   0.9991182684898376
  ],
  [
   0.9991582036018372,
   0.012519745156168938,
   -0.03906530514359474,
   -0.013099122792482376,
   0.9998074173927307,
   -0.01461048237979412,
   0.03887486085295677,
   0.01510990597307682,
   0.9991298317909241
  ],
  [
   0.999171793460846,
   0.012457112781703472,
   -0.03873574361205101,
   -0.01303023099899292,
   0.9998087882995605,
   -0.014578471891582012,
   0.038546737283468246,
   0.015071135014295578,
   0.999143123626709
  ],
  [
   0.9991846084594727,
   0.012355954386293888,
   -0.03843860700726509,
   -0.012922748923301697,
   0.9998109340667725,
   -0.014532114379107952,
   0.038251783698797226,
   0.01501699723303318,
   0.9991552829742432
  ],
  [
   0.999196469783783,
   0.012371455319225788,
   -0.03812192380428314,
   -0.012934193015098572,
   0.999810516834259,
   -0.01455041952431202,
   0.03793468326330185,
   0.015031805261969566,
   0.9991672039031982
  ],
  [
   0.9992106556892395,
   0.012163401581346989,
   -0.03781822696328163,
   -0.012730765156447887,
   0.9998095035552979,
   -0.014797946438193321,
   0.03763102740049362,
   0.015267722308635712,
   0.9991750121116638
  ],
  [
   0.9992258548736572,
   0.012182824313640594,
   -0.03740702569484711,
   -0.012743215076625347,
   0.9998095631599426,
   -0.014779165387153625,
   0.03721984475851059,
   0.015244410373270512,
   0.9991908669471741
  ],
  [
   0.9992417693138123,
   0.012020469643175602,
   -0.03703191876411438,
   -0.012574387714266777,
   0.9998120069503784,
   -0.014761444181203842,
   0.036847516894340515,
   0.015215904451906681,
   0.9992050528526306
  ],
  [
   0.999253511428833,
   0.012069186195731163,
   -0.03669973090291023,
   -0.01260912511497736,
   0.9998151659965515,
   -0.014516680501401424,
   0.03651773929595947,
   0.01496859546750784,
   0.9992208480834961
  ],
  [
   0.9992671012878418,
   0.011931151151657104,
   -0.03637120500206947,
   -0.012464521452784538,
   0.9998175501823425,
   -0.014473306015133858,
   0.03619188442826271,
   0.01491604745388031,
   0.9992334842681885
  ],
  [
   0.9992842674255371,
   0.011654715985059738,
   -0.03598768264055252,
   -0.012178579345345497,
   0.9998225569725037,
   -0.014372031204402447,
   0.035813797265291214,
   0.014800023287534714,
   0.9992489218711853
  ],
  [
   0.9993020296096802,
   0.01185563299804926,
   -0.035425152629613876,
   -0.012372137047350407,
   0.999819815158844,
   -0.01439668983221054,
   0.03524808585643768,
   0.014824927784502506,
   0.9992685914039612
  ],
  [
   0.9993188977241516,
   0.011439195834100246,
   -0.03508413955569267,
   -0.011946149170398712,
   0.9998267889022827,
   -0.014274210669100285,
   0.0349147729575634,
   0.014683608897030354,
   0.9992824196815491
  ],
  [
   0.9993415474891663,
   0.011287537403404713,
   -0.034482426941394806,
   -0.011783529072999954,
   0.9998295307159424,
   -0.014214704744517803,
   0.03431610018014908,
   0.014611671678721905,
   0.9993041753768921
  ],
  [
   0.9993586540222168,
   0.011251330375671387,
   -0.033995192497968674,
   -0.011738555505871773,
   0.9998307824134827,
   -0.01416676677763462,
   0.03383004292845726,
   0.014556735754013062,
   0.9993215799331665
  ],
  [
   0.9993797540664673,
   0.010916030965745449,
   -0.03348024562001228,
   -0.011390207335352898,
   0.9998371005058289,
   -0.014005018398165703,
   0.03332190960645676,
   0.014377678744494915,
   0.9993413090705872
  ],
  [
   0.9993981122970581,
   0.01085151731967926,
   -0.032949645072221756,
   -0.011317969299852848,
   0.9998379349708557,
   -0.014003144577145576,
   0.0327923446893692,
   0.01436763908714056,
   0.9993589520454407
  ],
  [
   0.9994176626205444,
   0.010794151574373245,
   -0.03236881271004677,
   -0.011251561343669891,
   0.9998388886451721,
   -0.013982509262859821,
   0.03221266716718674,
   0.014338569715619087,
   0.9993780851364136
  ],
  [
   0.9994344115257263,
   0.010647260583937168,
   -0.031900063157081604,
   -0.011097627691924572,
   0.9998407363891602,
   -0.013974394649267197,
   0.03174619749188423,
   0.014320505782961845,
   0.9993933439254761
  ],
  [
   0.9994582533836365,
   0.01062422338873148,
   -0.03114977851510048,
   -0.011059405282139778,
   0.999843180179596,
   -0.01383180357515812,
   0.03099794313311577,
   0.014168809168040752,
   0.9994189739227295
  ],
  [
   0.9994753003120422,
   0.010505332611501217,
   -0.030638964846730232,
   -0.0109265660867095,
   0.9998475909233093,
   -0.013613373972475529,
   0.030491285026073456,
   0.013941011391580105,
   0.9994377493858337
  ],
  [
   0.999494731426239,
   0.010534445755183697,
   -0.0299895741045475,
   -0.010942951776087284,
   0.9998490810394287,
   -0.013490231707692146,
   0.029842939227819443,
   0.013811588287353516,
   0.9994592070579529
  ],
  [
   0.9995109438896179,
   0.010463805869221687,
   -0.02946954220533371,
   -0.010858695022761822,
   0.9998530149459839,
   -0.01327191386371851,
   0.029326332733035088,
   0.013585423119366169,
   0.9994775652885437
  ],
  [
   0.9995354413986206,
   0.010329611599445343,
   -0.028673000633716583,
   -0.010710734874010086,
   0.9998559355735779,
   -0.013170452788472176,
   0.028532827273011208,
   0.013471445068717003,
   0.9995020627975464
  ],
  [
   0.9995555877685547,
   0.010181976482272148,
   -0.028018854558467865,
   -0.010546576231718063,
   0.9998612403869629,
   -0.012895788066089153,
   0.027883661910891533,
   0.013185557909309864,
   0.9995241165161133
  ],
  [
   0.9995766282081604,
   0.00992678664624691,
   -0.02735007554292679,
   -0.010282885283231735,
   0.9998638033866882,
   -0.01291034184396267,
   0.02721818909049034,
   0.01318611204624176,
   0.9995425939559937
  ],
  [
   0.9995946884155273,
   0.00967797264456749,
   -0.02677445486187935,
   -0.010022470727562904,
   0.9998683333396912,
   -0.012762491591274738,
   0.02664741687476635,
   0.013025663793087006,
   0.9995600581169128
  ],
  [
   0.9996157288551331,
   0.009551767259836197,
   -0.02602280117571354,
   -0.009884476661682129,
   0.9998706579208374,
   -0.012686765752732754,
   0.02589825540781021,
   0.012939113192260265,
   0.9995808005332947
  ],
  [
   0.9996333718299866,
   0.009286541491746902,
   -0.02543545514345169,
   -0.00961309764534235,
   0.9998725652694702,
   -0.012746589258313179,
   0.025313841179013252,
   0.01298642996698618,
   0.9995951056480408
  ],
  [
   0.9996485114097595,
   0.009118556044995785,
   -0.024892190471291542,
   -0.009439288638532162,
   0.9998735785484314,
   -0.012797956354916096,
   0.024772344157099724,
   0.013028424233198166,
   0.9996082186698914
  ],
  [
   0.9996628761291504,
   0.009129614569246769,
   -0.024305671453475952,
   -0.009442342445254326,
   0.999873697757721,
   -0.012782946228981018,
   0.024185899645090103,
   0.01300814002752304,
   0.9996228218078613
  ],
  [
   0.9996788501739502,
   0.009150613099336624,
   -0.02363184280693531,
   -0.009453869424760342,
   0.9998739957809448,
   -0.01275276392698288,
   0.02351216971874237,
   0.012972081080079079,
   0.9996392726898193
  ],
  [
   0.9996982216835022,
   0.008930623531341553,
   -0.022886153310537338,
   -0.009223932400345802,
   0.9998763203620911,
   -0.012742518447339535,
   0.022769523784518242,
   0.012949773110449314,
   0.9996569156646729
  ],
  [
   0.9997143149375916,
   0.008715031668543816,
   -0.022255733609199524,
   -0.008999228477478027,
   0.9998788833618164,
   -0.012701533734798431,
   0.02214234136044979,
   0.012898189015686512,
   0.9996715784072876
  ],
  [
   0.9997315406799316,
   0.008528279140591621,
   -0.021541712805628777,
   -0.008801382966339588,
   0.9998816847801208,
   -0.012615105137228966,
   0.02143157832324505,
   0.012801316566765308,
   0.9996883869171143
  ],
  [
   0.9997395873069763,
   0.00842159055173397,
   -0.021211322396993637,
   -0.008691034279763699,
   0.9998823404312134,
   -0.01264272816479206,
   0.021102357655763626,
   0.012823785655200481,
   0.9996950626373291
  ],
  [
   0.9997555017471313,
   0.008676232770085335,
   -0.020336845889687538,
   -0.008936230093240738,
   0.9998790621757507,
   -0.012728773057460785,
   0.02022394724190235,
   0.012907395139336586,
   0.9997120499610901
  ],
  [
   0.9997710585594177,
   0.008387470617890358,
   -0.019682126119732857,
   -0.008638127706944942,
   0.9998822212219238,
   -0.012684984132647514,
   0.019573412835597992,
   0.012852097861468792,
   0.999725878238678
  ],
  [
   0.999783992767334,
   0.008336705155670643,
   -0.019038226455450058,
   -0.008580448105931282,
   0.9998818635940552,
   -0.012757277116179466,
   0.01892962120473385,
   0.012917879968881607,
   0.9997373223304749
  ],
  [
   0.999798059463501,
   0.00825633853673935,
   -0.018323199823498726,
   -0.00848986767232418,
   0.9998832941055298,
   -0.012704044580459595,
   0.018216170370578766,
   0.012857040390372276,
   0.9997513890266418
  ],
  [
   0.9998106360435486,
   0.008049707859754562,
   -0.01771952584385872,
   -0.008276966400444508,
   0.9998839497566223,
   -0.01278961356729269,
   0.017614513635635376,
   0.012933855876326561,
   0.9997612833976746
  ],
  [
   0.9998272657394409,
   0.007397426757961512,
   -0.017047636210918427,
   -0.007611844222992659,
   0.9998922944068909,
   -0.012547124177217484,
   0.016952984035015106,
   0.012674721889197826,
   0.9997759461402893
  ],
  [
   0.9998377561569214,
   0.00714649073779583,
   -0.01653463765978813,
   -0.007355894893407822,
   0.999893069267273,
   -0.012638621032238007,
   0.016442548483610153,
   0.012758197262883186,
   0.999783456325531
  ],
  [
   0.9998491406440735,
   0.006812239531427622,
   -0.01597936823964119,
   -0.007016828749328852,
   0.9998937249183655,
   -0.01278237160295248,
   0.015890590846538544,
   0.012892567552626133,
   0.999790608882904
  ],
  [
   0.9998618364334106,
   0.006546081509441137,
   -0.015280383639037609,
   -0.006743909325450659,
   0.9998936057090759,
   -0.01293110754340887,
   0.015194110572338104,
   0.013032371178269386,
   0.9997996687889099
  ],
  [
   0.9998738765716553,
   0.006420728750526905,
   -0.014529533684253693,
   -0.006614378187805414,
   0.9998893737792969,
   -0.013319422490894794,
   0.01444240752607584,
   0.01341384556144476,
   0.999805748462677
  ],
  [
   0.9998840093612671,
   0.006442688871175051,
   -0.01379906665533781,
   -0.006625643000006676,
   0.9998902082443237,
   -0.013254006393253803,
   0.013712160289287567,
   0.01334389578551054,
   0.9998169541358948
  ],
  [
   0.9998966455459595,
   0.0062779332511126995,
   -0.012936395592987537,
   -0.00644927192479372,
   0.9998915195465088,
   -0.013245798647403717,
   0.0128518370911479,
   0.01332786027342081,
   0.999828577041626
  ],
  [
   0.9999073147773743,
   0.006159105338156223,
   -0.012144857086241245,
   -0.006323148496448994,
   0.9998887181282043,
   -0.013515422120690346,
   0.012060263194143772,
   0.013590962626039982,
   0.9998348951339722
  ],
  [
   0.9999154210090637,
   0.006061125081032515,
   -0.011508232913911343,
   -0.0062199849635362625,
   0.9998852014541626,
   -0.01381880696862936,
   0.01142315473407507,
   0.013889218680560589,
   0.9998382329940796
  ],
  [
   0.9999250173568726,
   0.005885982885956764,
   -0.010737861506640911,
   -0.006033977027982473,
   0.9998865723609924,
   -0.013802560977637768,
   0.010655401274561882,
   0.013866319321095943,
   0.9998470544815063
  ],
  [
   0.9999345541000366,
   0.005691586062312126,
   -0.009924682788550854,
   -0.005827958229929209,
   0.9998882412910461,
   -0.013766340911388397,
   0.009845220483839512,
   0.013823281973600388,
   0.9998559951782227
  ],
  [
   0.9999426603317261,
   0.005287531763315201,
   -0.009317182004451752,
   -0.005417156033217907,
   0.9998881220817566,
   -0.013942569494247437,
   0.00924241915345192,
   0.013992241583764553,
   0.9998593330383301
  ],
  [
   0.9999504089355469,
   0.005327207501977682,
   -0.00841433834284544,
   -0.005445121321827173,
   0.9998864531517029,
   -0.014053190127015114,
   0.008338519372045994,
   0.014098310843110085,
   0.9998658895492554
  ],
  [
   0.9999576807022095,
   0.005221881438046694,
   -0.007578752003610134,
   -0.005326611455529928,
   0.9998896718025208,
   -0.013865095563232899,
   0.007505515124648809,
   0.013904877938330173,
   0.9998751878738403
  ],
  [
   0.9999632239341736,
   0.0051448349840939045,
   -0.006858681794255972,
   -0.005240612663328648,
   0.999888002872467,
   -0.014020347967743874,
   0.006785782054066658,
   0.014055779203772545,
   0.9998781681060791
  ],
  [
   0.9999678730964661,
   0.005031726323068142,
   -0.006231879349797964,
   -0.005118346773087978,
   0.9998894333839417,
   -0.013962598517537117,
   0.006160934455692768,
   0.013994047418236732,
   0.9998830556869507
  ],
  [
   0.9999741315841675,
   0.004867160692811012,
   -0.0053021726198494434,
   -0.004941153805702925,
   0.9998893737792969,
   -0.014032513834536076,
   0.005233287811279297,
   0.014058349654078484,
   0.9998874664306641
  ],
  [
   0.9999790787696838,
   0.0046554794535040855,
   -0.004488437902182341,
   -0.004718429874628782,
   0.9998891949653625,
   -0.014117823913693428,
   0.00442221574485302,
   0.014138706028461456,
   0.9998902082443237
  ],
  [
   0.9999831914901733,
   0.004503479227423668,
   -0.0036635277792811394,
   -0.004554265178740025,
   0.999891996383667,
   -0.013974234461784363,
   0.003600199706852436,
   0.013990682549774647,
   0.9998956918716431
  ],
  [
   0.9999863505363464,
   0.004403561819344759,
   -0.002798351226374507,
   -0.004442694131284952,
   0.9998902678489685,
   -0.014135397970676422,
   0.00273579778149724,
   0.014147638343274593,
   0.9998961687088013
  ],
  [
