{
 "rotation": [
  [
   0.9999958276748657,
   -0.0002939472033176571,
   -0.002882770262658596,
   0.00029848350095562637,
   0.9999987483024597,
   0.0015732812462374568,
   0.002882304135710001,
   -0.0015741352690383792,
   0.9999945163726807
  ],
  [
   0.9999957084655762,
   -0.0002471136103849858,
   -0.0029219749849289656,
   0.0002514675143174827,
   0.9999988675117493,
   0.0014897879445925355,
   0.0029216036200523376,
   -0.0014905164716765285,
   0.9999945163726807
  ],
  [
   0.999995768070221,
   -0.0002455105714034289,
   -0.002896680263802409,
   0.0002497048699297011,
   0.999998927116394,
   0.001447685994207859,
   0.002896321704611182,
   -0.0014484032290056348,
   0.9999947547912598
  ],
  [
   0.999995768070221,
   -0.00022058056492824107,
   -0.002887265058234334,
   0.00022460409672930837,
   0.9999989867210388,
   0.0013932916335761547,
   0.0028869546949863434,
   -0.0013939343625679612,
   0.9999948740005493
  ],
  [
   0.9999961256980896,
   -0.00022725315648131073,
   -0.0027746043633669615,
   0.000230942721827887,
   0.9999990463256836,
   0.0013295169919729233,
   0.0027742998208850622,
   -0.0013301526196300983,
   0.999995231628418
  ],
  [
   0.9999961256980896,
   -0.00022643721604254097,
   -0.0027852735947817564,
   0.00022997226915322244,
   0.9999991655349731,
   0.001268937368877232,
   0.002784983953461051,
   -0.0012695729965344071,
   0.999995231628418
  ],
  [
   0.9999960660934448,
   -0.00017485009448137134,
   -0.002785011660307646,
   0.0001779585873009637,
   0.9999993443489075,
   0.0011159476125612855,
   0.002784815151244402,
   -0.0011164388852193952,
   0.9999955892562866
  ],
  [
   0.9999959468841553,
   -0.0001719178253551945,
   -0.0028271316550672054,
   0.0001749676448525861,
   0.9999993443489075,
   0.0010785484919324517,
   0.0028269446920603514,
   -0.0010790389496833086,
   0.9999953508377075
  ],
  [
   0.999995768070221,
   -0.00013036132440902293,
   -0.0029203740414232016,
   0.0001333836407866329,
   0.999999463558197,
   0.0010347312781959772,
   0.0029202373698353767,
   -0.0010351163800805807,
   0.999995231628418
  ],
  [
   0.9999954700469971,
   -0.00010508728882996365,
   -0.003014700021594763,
   0.00010802307951962575,
   0.9999995231628418,
   0.000973681453615427,
   0.003014596179127693,
   -0.0009740027599036694,
   0.9999949932098389
  ],
  [
   0.9999951124191284,
   -7.718673441559076e-05,
   -0.0031126567628234625,
   7.988885772647336e-05,
   0.9999995827674866,
   0.0008679908933117986,
   0.0031125883106142282,
   -0.0008682353072799742,
   0.9999948740005493
  ],
  [
   0.9999948740005493,
   2.8243634915270377e-06,
   -0.0032064008992165327,
   -3.182861405548465e-07,
   0.9999997019767761,
   0.0007815860444679856,
   0.0032064018305391073,
   -0.0007815809804014862,
   0.9999945163726807
  ],
  [
   0.9999947547912598,
   -5.622353910439415e-06,
   -0.0032401029020547867,
   7.970003935042769e-06,
   0.9999997019767761,
   0.0007245478336699307,
   0.0032400982454419136,
   -0.0007245698943734169,
   0.9999945163726807
  ],
  [
   0.9999948143959045,
   -8.186810737242922e-05,
   -0.0032198806293308735,
   8.401907689403743e-05,
   0.9999998211860657,
   0.0006678937352262437,
   0.0032198254484683275,
   -0.0006681608501821756,
   0.9999946355819702
  ],
  [
   0.9999950528144836,
   -9.196217433782294e-05,
   -0.0031420893501490355,
   9.387670434080064e-05,
   0.9999998211860657,
   0.000609180424362421,
   0.0031420330051332712,
   -0.000609472393989563,
   0.9999948740005493
  ],
  [
   0.9999948740005493,
   -6.318855594145134e-05,
   -0.0031899679452180862,
   6.492688407888636e-05,
   0.9999998807907104,
   0.0005448312149383128,
   0.003189933253452182,
   -0.00054503558203578,
   0.9999948740005493
  ],
  [
   0.999995231628418,
   -7.700677815591916e-05,
   -0.003092236118391156,
   7.844190986361355e-05,
   0.9999998807907104,
   0.0004639904946088791,
   0.003092199796810746,
   -0.0004642308340407908,
   0.9999951124191284
  ],
  [
   0.9999949336051941,
   -8.263300696853548e-05,
   -0.0031830344814807177,
   8.394948235945776e-05,
   0.9999998807907104,
   0.00041345893987454474,
   0.0031830002553761005,
   -0.0004137240466661751,
   0.9999948740005493
  ],
  [
   0.9999951720237732,
   -7.621779514010996e-05,
   -0.0030933620873838663,
   7.732328958809376e-05,
   0.9999999403953552,
   0.00035725580528378487,
   0.003093334613367915,
   -0.0003574932925403118,
   0.9999951124191284
  ],
  [
   0.9999953508377075,
   -4.682524740928784e-05,
   -0.0030348545406013727,
   4.774213448399678e-05,
   0.9999999403953552,
   0.00030204502400010824,
   0.0030348405707627535,
   -0.0003021885349880904,
   0.9999953508377075
  ],
  [
   0.9999961853027344,
   -4.614222780219279e-05,
   -0.002759031718596816,
   4.6692970499861985e-05,
   0.9999999403953552,
   0.0001995513157453388,
   0.00275902240537107,
   -0.00019967940170317888,
   0.9999961853027344
  ],
  [
   0.9999961853027344,
   -3.116171501460485e-05,
   -0.0027573297265917063,
   3.15216020680964e-05,
   1.0,
   0.00013047798711340874,
   0.002757325768470764,
   -0.00013056442548986524,
   0.9999961853027344
  ],
  [
   0.9999962449073792,
   -9.500134183326736e-06,
   -0.002743020188063383,
   9.755995961313602e-06,
   1.0,
   9.326366853201762e-05,
   0.002743019489571452,
   -9.32900802581571e-05,
   0.9999961853027344
  ],
  [
   0.9999961256980896,
   -3.476224446785636e-05,
   -0.002772405743598938,
   3.485686465865001e-05,
   1.0,
   3.40803453582339e-05,
   0.0027724048122763634,
   -3.417685002204962e-05,
   0.9999961853027344
  ],
  [
   0.9999964237213135,
   9.230350769939832e-06,
   -0.0026630316860973835,
   -9.812411008169875e-06,
   0.9999999403953552,
   -0.00021855754312127829,
   0.0026630295906215906,
   0.00021858290710952133,
   0.999996542930603
  ],
  [
   0.9999963045120239,
   1.1186890333192423e-05,
   -0.0027220509946346283,
   -1.239431367139332e-05,
   0.9999999403953552,
   -0.00044355459976941347,
   0.0027220456395298243,
   0.00044358670129440725,
   0.9999961853027344
  ],
  [
   0.9999967217445374,
   7.775831181788817e-05,
   -0.002572102937847376,
   -7.955514593049884e-05,
   0.9999997615814209,
   -0.0006984915235079825,
   0.0025720479898154736,
   0.0006986937951296568,
   0.999996542930603
  ],
  [
   0.9999969601631165,
   0.00012481001613195986,
   -0.0024776326026767492,
   -0.00012697272177319974,
   0.9999996423721313,
   -0.0008727454114705324,
   0.0024775227066129446,
   0.0008730574045330286,
   0.9999966621398926
  ],
  [
   0.999997079372406,
   0.00011641960736596957,
   -0.00243193656206131,
   -0.00011867628199979663,
   0.9999995827674866,
   -0.0009278084617108107,
   0.002431827364489436,
   0.0009280943195335567,
   0.9999966621398926
  ],
  [
   0.9999968409538269,
   0.0001733016688376665,
   -0.0024857274256646633,
   -0.00017562681750860065,
   0.9999995231628418,
   -0.0009352134657092392,
   0.002485564211383462,
   0.0009356471709907055,
   0.999996542930603
  ],
  [
   0.9999967813491821,
   0.00018038945563603193,
   -0.002517376095056534,
   -0.00018283497774973512,
   0.999999463558197,
   -0.0009712541359476745,
   0.002517199842259288,
   0.0009717113571241498,
   0.9999963045120239
  ],
  [
   0.9999968409538269,
   0.00026031446759589016,
   -0.0025031394325196743,
   -0.0002629789523780346,
   0.9999994039535522,
   -0.0010641871485859156,
   0.0025028609670698643,
   0.001064842101186514,
   0.9999961853027344
  ],
  [
   0.9999967217445374,
   0.0001938709756359458,
   -0.0025463111232966185,
   -0.00019657578377518803,
   0.9999994039535522,
   -0.0010620371904224157,
   0.002546103671193123,
   0.0010625342838466167,
   0.9999963045120239
  ],
  [
   0.9999967217445374,
   0.00032993583590723574,
   -0.0025240059476345778,
   -0.0003328747407067567,
   0.9999992251396179,
   -0.001164044952020049,
   0.0025236201472580433,
   0.0011648813961073756,
   0.9999961853027344
  ],
  [
   0.9999969005584717,
   0.0003254008188378066,
   -0.002465333789587021,
   -0.0003284033155068755,
   0.9999991655349731,
   -0.0012175869196653366,
   0.0024649356491863728,
   0.0012183928629383445,
   0.9999963045120239
  ],
  [
   0.9999969601631165,
   0.0003464182373136282,
   -0.002456806832924485,
   -0.00034961398341692984,
   0.9999991059303284,
   -0.0013004736974835396,
   0.0024563539773225784,
   0.0013013285351917148,
   0.9999961853027344
  ],
  [
   0.9999971985816956,
   0.00047246264875866473,
   -0.0023021106608211994,
   -0.0004757074639201164,
   0.999998927116394,
   -0.0014091472839936614,
   0.002301442204043269,
   0.001410238561220467,
   0.9999963045120239
  ],
  [
   0.9999974370002747,
   0.0004603086272254586,
   -0.002202719682827592,
   -0.00046366534661501646,
   0.9999986886978149,
   -0.0015236437320709229,
   0.0022020156029611826,
   0.001524661318399012,
   0.9999964237213135
  ],
  [
   0.9999977946281433,
   0.0005037696682848036,
   -0.0020579779520630836,
   -0.0005070398328825831,
   0.9999986290931702,
   -0.0015888215275481343,
   0.002057174686342478,
   0.0015898615820333362,
   0.9999966621398926
  ],
  [
   0.9999976754188538,
   0.0004837464657612145,
   -0.0021172333508729935,
   -0.0004872550198342651,
   0.9999985098838806,
   -0.001656930660828948,
   0.002116428455337882,
   0.0016579586081206799,
   0.9999964237213135
  ],
  [
   0.9999976754188538,
   0.0005303957732394338,
   -0.0021073706448078156,
   -0.0005340247880667448,
   0.9999983310699463,
   -0.0017218581633642316,
   0.002106454223394394,
   0.0017229794757440686,
   0.9999963045120239
  ],
  [
   0.9999972581863403,
   0.00048614086699672043,
   -0.00230675027705729,
   -0.0004899823688901961,
   0.9999984502792358,
   -0.0016650300240144134,
   0.0023059374652802944,
   0.001666155643761158,
   0.9999959468841553
  ],
  [
   0.9999969601631165,
   0.0004928275011479855,
   -0.002428458770737052,
   -0.000497003027703613,
   0.9999983906745911,
   -0.0017190928338095546,
   0.002427607774734497,
   0.0017202947055920959,
   0.9999955892562866
  ],
  [
   0.9999967217445374,
   0.00040188143611885607,
   -0.002528246957808733,
   -0.0004060513456352055,
   0.9999985098838806,
   -0.0016490326961502433,
   0.0025275805965065956,
   0.001650054007768631,
   0.9999953508377075
  ],
  [
   0.9999963045120239,
   0.00029489313601516187,
   -0.002700895071029663,
   -0.0002992214576806873,
   0.9999986886978149,
   -0.0016022736672312021,
   0.002700418932363391,
   0.0016030758852139115,
   0.9999949932098389
  ],
  [
   0.9999963641166687,
   0.00023646956833545119,
   -0.002702180063351989,
   -0.00024092906096484512,
   0.9999985694885254,
   -0.00165012467186898,
   0.002701785881072283,
   0.0016507696127519011,
   0.9999949932098389
  ],
  [
   0.9999960660934448,
   0.0001004343357635662,
   -0.0027924166060984135,
   -0.00010496151662664488,
   0.9999986886978149,
   -0.0016211392357945442,
   0.0027922505978494883,
   0.001621425966732204,
   0.9999947547912598
  ],
  [
   0.9999958276748657,
   5.753764526161831e-06,
   -0.0028915945440530777,
   -1.0605909665173385e-05,
   0.9999986290931702,
   -0.0016780043952167034,
   0.002891580807045102,
   0.0016780279111117125,
   0.9999943971633911
  ],
  [
   0.9999962449073792,
   -5.9851921832887456e-05,
   -0.00275243166834116,
   5.505027365870774e-05,
   0.9999985098838806,
   -0.001744554378092289,
   0.002752531785517931,
   0.0017443961696699262,
   0.9999946355819702
  ],
  [
   0.9999963045120239,
   -0.00010910653509199619,
   -0.0027205138467252254,
   0.0001040311690303497,
   0.9999982714653015,
   -0.0018656629836186767,
   0.002720712684094906,
   0.0018653731094673276,
   0.9999945163726807
  ],
  [
   0.9999962449073792,
   -0.00018828445172403008,
   -0.0027334741316735744,
   0.00018319609807804227,
   0.9999982118606567,
   -0.0018616304732859135,
   0.0027338203508406878,
   0.0018611226696521044,
   0.9999945163726807
  ],
  [
   0.999996542930603,
   -0.000249856966547668,
   -0.0026308735832571983,
   0.00024447095347568393,
   0.9999979138374329,
   -0.0020473783370107412,
   0.0026313792914152145,
   0.0020467285066843033,
   0.9999943971633911
  ],
  [
   0.999997079372406,
   -0.00019928775145672262,
   -0.0024048120249062777,
   0.00019406333740334958,
   0.999997615814209,
   -0.0021725338883697987,
   0.00240523973479867,
   0.0021720610093325377,
   0.9999946355819702
  ],
  [
   0.9999973177909851,
   -2.824460534611717e-05,
   -0.002300997730344534,
   2.2638272639596835e-05,
   0.9999970197677612,
   -0.0024364676792174578,
   0.0023010598961263895,
   0.0024364092387259007,
   0.9999943971633911
  ],
  [
   0.9999976754188538,
   -4.341195017332211e-05,
   -0.0021562145557254553,
   3.774222932406701e-05,
   0.999996542930603,
   -0.002629449823871255,
   0.0021563211921602488,
   0.002629362279549241,
   0.9999942779541016
  ],
  [
   0.9999977946281433,
   2.2855881979921833e-05,
   -0.0021027352195233107,
   -2.8643500627367757e-05,
   0.9999962449073792,
   -0.0027524351608008146,
   0.0021026642061769962,
   0.002752489410340786,
   0.9999940395355225
  ],
  [
   0.9999980330467224,
   4.742249439004809e-05,
   -0.001964091556146741,
   -5.3032472351333126e-05,
   0.9999958872795105,
   -0.0028563174419105053,
   0.0019639478996396065,
   0.002856415929272771,
   0.9999940395355225
  ],
  [
   0.9999973177909851,
   0.00021015199308749288,
   -0.0022904546931385994,
   -0.00021699239732697606,
   0.9999954700469971,
   -0.0029866385739296675,
   0.0022898169700056314,
   0.002987127983942628,
   0.9999929666519165
  ],
  [
   0.9999973177909851,
   0.0002703203645069152,
   -0.002313501201570034,
   -0.0002773188753053546,
   0.9999953508377075,
   -0.0030252919532358646,
   0.0023126727901399136,
   0.003025925252586603,
   0.9999927282333374
  ],
  [
   0.9999971985816956,
   0.00024331157328560948,
   -0.002341535873711109,
   -0.000250521203270182,
   0.999995231628418,
   -0.00307921739295125,
   0.0023407756816595793,
   0.0030797957442700863,
   0.9999924898147583
  ],
  [
   0.9999979734420776,
   0.00044999978854320943,
   -0.001963990041986108,
   -0.00045607986976392567,
   0.9999951124191284,
   -0.0030964489560574293,
   0.0019625872373580933,
   0.003097338369116187,
   0.9999933242797852
  ],
  [
   0.999997615814209,
   0.0003365596348885447,
   -0.0021527856588363647,
   -0.00034318267717026174,
   0.9999951720237732,
   -0.003076867200434208,
   0.0021517397835850716,
   0.0030775985214859247,
   0.9999929666519165
  ],
  [
   0.9999974966049194,
   0.0003613554872572422,
   -0.0022317098919302225,
   -0.000368135777534917,
   0.9999953508377075,
   -0.0030384822748601437,
   0.0022306013852357864,
   0.0030392962507903576,
   0.999992847442627
  ],
  [
   0.9999972581863403,
   0.000355986732756719,
   -0.002331369323655963,
   -0.0003631545405369252,
   0.9999951720237732,
   -0.003074795473366976,
   0.0023302638437598944,
   0.003075633430853486,
   0.9999926090240479
  ],
  [
   0.9999971389770508,
   0.00036135539994575083,
   -0.002382267266511917,
   -0.000368845765478909,
   0.9999949932098389,
   -0.003144497750326991,
   0.00238111917860806,
   0.003145367605611682,
   0.9999922513961792
  ],
  [
   0.999996542930603,
   0.0003288608859293163,
   -0.002610023133456707,
   -0.00033709965646266937,
   0.9999949932098389,
   -0.0031567825935781,
   0.0026089721359312534,
   0.00315765175037086,
   0.9999916553497314
  ],
  [
   0.9999963641166687,
   0.0003197391051799059,
   -0.002678769873455167,
   -0.0003285392886027694,
   0.9999945163726807,
   -0.0032853465527296066,
   0.002677704906091094,
   0.0032862150110304356,
   0.9999910593032837
  ],
  [
   0.9999960660934448,
   0.00028712136554531753,
   -0.0028073792345821857,
   -0.0002966994361486286,
   0.999994158744812,
   -0.00341192283667624,
   0.0028063831850886345,
   0.003412742167711258,
   0.9999902248382568
  ],
  [
   0.9999958276748657,
   0.0002625406195875257,
   -0.0028877274598926306,
   -0.000272744451649487,
   0.9999936819076538,
   -0.003533691866323352,
   0.0028867817018181086,
   0.0035344648640602827,
   0.9999896287918091
  ],
  [
   0.9999955296516418,
   0.00023514956410508603,
   -0.0029812739230692387,
   -0.000246089359279722,
   0.9999932050704956,
   -0.00366967567242682,
   0.0029803907964378595,
   0.0036703930236399174,
   0.9999889135360718
  ],
  [
   0.9999952912330627,
   0.00022195257770363241,
   -0.0030476071406155825,
   -0.00023363770742435008,
   0.9999926090240479,
   -0.003834374947473407,
   0.003046733560040593,
   0.003835069015622139,
   0.9999879598617554
  ],
  [
   0.9999951720237732,
   0.00024176857550628483,
   -0.003085580188781023,
   -0.000253901700489223,
   0.9999922513961792,
   -0.003932423889636993,
   0.003084605559706688,
   0.003933188505470753,
   0.9999874830245972
  ],
  [
   0.9999951720237732,
   0.00017769371333997697,
   -0.0031032084953039885,
   -0.00019020691979676485,
   0.9999918341636658,
   -0.00403250427916646,
   0.003102466929703951,
   0.004033075179904699,
   0.999987006187439
  ],
  [
   0.999994695186615,
   0.0001572312175994739,
   -0.003259887220337987,
   -0.00017059480887837708,
   0.9999915957450867,
   -0.004099523648619652,
   0.003259215271100402,
   0.004100057762116194,
   0.9999862909317017
  ],
  [
   0.9999945163726807,
   5.435471030068584e-05,
   -0.0033243875950574875,
   -6.806273449910805e-05,
   0.9999915361404419,
   -0.004123497288674116,
   0.0033241354394704103,
   0.004123701713979244,
   0.999985933303833
  ],
  [
   0.999994158744812,
   4.742784585687332e-05,
   -0.0034212914761155844,
   -6.173949805088341e-05,
   0.999991238117218,
   -0.004183129873126745,
   0.00342106306925416,
   0.004183316137641668,
   0.9999854564666748
  ],
  [
   0.999994158744812,
   0.0001294221292482689,
   -0.0034294885117560625,
   -0.00014376854232978076,
   0.999991238117218,
   -0.004183327313512564,
   0.003428917145356536,
   0.004183795768767595,
   0.9999853372573853
  ],
  [
   0.9999935626983643,
   0.00017120313714258373,
   -0.0035926159471273422,
   -0.0001863542420323938,
   0.9999910593032837,
   -0.004217373672872782,
   0.0035918618086725473,
   0.004218015819787979,
   0.999984622001648
  ],
  [
   0.9999933242797852,
   0.00015203648945316672,
   -0.0036555412225425243,
   -0.00016769104695413262,
   0.9999908208847046,
   -0.0042824954725801945,
   0.0036548564676195383,
   0.004283079877495766,
   0.9999841451644897
  ],
  [
   0.9999926090240479,
   5.297997631714679e-05,
   -0.003843327984213829,
   -6.966838554944843e-05,
   0.9999905824661255,
   -0.0043421718291938305,
   0.0038430618587881327,
   0.004342407453805208,
   0.9999831914901733
  ],
  [
   0.9999922513961792,
   -6.701518032059539e-06,
   -0.003935856278985739,
   -1.0698059668357018e-05,
   0.9999902248382568,
   -0.004420747980475426,
   0.003935846965759993,
   0.00442075589671731,
   0.999982476234436
  ],
  [
   0.9999920725822449,
   1.9528953998815268e-05,
   -0.0039714123122394085,
   -3.744444256881252e-05,
   0.9999898672103882,
   -0.004511087201535702,
   0.0039712837897241116,
   0.004511200822889805,
   0.9999818801879883
  ],
  [
   0.9999918341636658,
   -0.00012199133925605565,
   -0.004046930931508541,
   0.00010338535503251478,
   0.99998939037323,
   -0.004597443621605635,
   0.004047449212521315,
   0.004596988204866648,
   0.9999812841415405
  ],
  [
   0.9999912977218628,
   -0.00018299731891602278,
   -0.004167580045759678,
   0.00016338513523805887,
   0.9999889135360718,
   -0.00470574339851737,
   0.004168394953012466,
   0.0047050220891833305,
   0.9999802112579346
  ],
  [
   0.9999908208847046,
   -0.00016512339061591774,
   -0.004283815156668425,
   0.000144383026054129,
   0.999988317489624,
   -0.004841424524784088,
   0.00428456487134099,
   0.0048407623544335365,
   0.9999791383743286
  ],
  [
   0.9999907612800598,
   -0.00018568146333564073,
   -0.004304051399230957,
   0.0001644143194425851,
   0.9999877214431763,
   -0.004941013641655445,
   0.0043049161322414875,
   0.004940259736031294,
   0.9999785423278809
  ],
  [
   0.999990701675415,
   -8.368355338461697e-05,
   -0.00430403184145689,
   6.207657133927569e-05,
   0.9999873638153076,
   -0.005020062904804945,
   0.004304397851228714,
   0.0050197490490973,
   0.9999781847000122
  ],
  [
   0.9999907612800598,
   -0.00011993910447927192,
   -0.004295869264751673,
   9.80885888566263e-05,
   0.9999870657920837,
   -0.0050862510688602924,
   0.004296424333006144,
   0.005085783079266548,
   0.9999778270721436
  ],
  [
   0.9999908208847046,
   -7.603689300594851e-05,
   -0.004287021700292826,
   5.4108084441395476e-05,
   0.9999869465827942,
   -0.005115044303238392,
   0.004287354648113251,
   0.005114765837788582,
   0.9999778270721436
  ],
  [
   0.9999904632568359,
   -6.10234092164319e-05,
   -0.0043568662367761135,
   3.844357706839219e-05,
   0.9999865293502808,
   -0.005182481836527586,
   0.004357123747467995,
   0.005182265769690275,
   0.9999771118164062
  ],
  [
   0.9999905228614807,
   -5.737427272833884e-05,
   -0.004353726748377085,
   3.447970448178239e-05,
   0.9999861717224121,
   -0.005258506629616022,
   0.0043539684265851974,
   0.005258307792246342,
   0.9999767541885376
  ],
  [
   0.9999902844429016,
   -6.39651989331469e-05,
   -0.004408917389810085,
   4.062376683577895e-05,
   0.9999859929084778,
   -0.0052940272726118565,
   0.004409194923937321,
   0.0052937972359359264,
   0.9999762773513794
  ],
  [
   0.9999907612800598,
   7.53769782022573e-05,
   -0.0042905923910439014,
   -9.843068255577236e-05,
   0.9999855756759644,
   -0.005373126827180386,
   0.0042901248671114445,
   0.005373499821871519,
   0.999976396560669
  ],
  [
   0.9999908208847046,
   0.00013693516666535288,
   -0.004293822683393955,
   -0.00016023017815314233,
   0.9999852776527405,
   -0.0054253628477454185,
   0.004293017089366913,
   0.005426000338047743,
   0.9999761581420898
  ],
  [
   0.9999911189079285,
   0.00010497714538360015,
   -0.004217580426484346,
   -0.00012785142462234944,
   0.9999852776527405,
   -0.005423645488917828,
   0.004216949455440044,
   0.005424137227237225,
   0.999976396560669
  ],
  [
   0.9999906420707703,
   9.091968240682036e-05,
   -0.004317753948271275,
   -0.00011458092922111973,
   0.9999849796295166,
   -0.005480056628584862,
   0.004317191429436207,
   0.005480500403791666,
   0.9999756813049316
  ],
  [
   0.9999908804893494,
   0.00012281622912269086,
   -0.004281474743038416,
   -0.0001465506065869704,
   0.999984622001648,
   -0.005543628241866827,
   0.004280728287994862,
   0.005544204730540514,
   0.9999755620956421
  ],
  [
   0.9999904036521912,
   -6.916300208104076e-06,
   -0.0043791127391159534,
   -1.7696516806608997e-05,
   0.9999842047691345,
   -0.005620438605546951,
   0.004379082936793566,
   0.005620462354272604,
   0.9999746084213257
  ],
  [
   0.9999900460243225,
   -6.0074682551203296e-05,
   -0.0044630165211856365,
   3.470925730653107e-05,
   0.9999838471412659,
   -0.005683331284672022,
   0.004463286604732275,
   0.005683119874447584,
   0.9999738931655884
  ],
  [
   0.9999898076057434,
   7.919796189526096e-05,
   -0.004512461833655834,
   -0.00010493600711924955,
   0.9999837279319763,
   -0.005703814327716827,
   0.004511937033385038,
   0.005704230163246393,
   0.9999735355377197
  ],
  [
   0.9999896287918091,
   0.0001070913058356382,
   -0.004545727279037237,
   -0.00013319801655597985,
   0.999983549118042,
   -0.005743219051510096,
   0.004545037169009447,
   0.005743765272200108,
   0.9999731779098511
  ],
  [
   0.99998939037323,
   9.231941658072174e-05,
   -0.004614140838384628,
   -0.00011900892423000187,
   0.9999833106994629,
   -0.005784342996776104,
   0.004613529425114393,
   0.00578483147546649,
   0.9999725818634033
  ],
  [
   0.9999889731407166,
   0.00010716113320086151,
   -0.004700005520135164,
   -0.000134467234602198,
   0.9999831318855286,
   -0.005809866823256016,
   0.004699304234236479,
   0.005810434464365244,
   0.9999719858169556
  ],
  [
   0.9999882578849792,
   0.00018666565301828086,
   -0.0048395139165222645,
   -0.00021477657719515264,
   0.9999830722808838,
   -0.0058087557554244995,
   0.004838348366320133,
   0.0058097271248698235,
   0.9999713897705078
  ],
  [
   0.9999881982803345,
   0.0001633179490454495,
   -0.004852162674069405,
   -0.00019157138012815267,
   0.999983012676239,
   -0.005822956562042236,
   0.004851129371672869,
   0.005823817569762468,
   0.9999712705612183
  ],
  [
   0.9999878406524658,
   0.0001242545695276931,
   -0.00493506109341979,
   -0.00015320406237151474,
   0.9999828338623047,
   -0.005866140127182007,
   0.004934247117489576,
   0.005866825580596924,
   0.999970555305481
  ],
  [
   0.9999876022338867,
   0.00013530236901715398,
   -0.0049881902523338795,
   -0.00016480327758472413,
   0.9999825358390808,
   -0.005914216861128807,
   0.004987303167581558,
   0.005914964713156223,
   0.9999700784683228
  ],
  [
   0.9999876618385315,
   0.00019695301307365298,
   -0.004962503910064697,
   -0.0002265060757054016,
   0.9999822378158569,
   -0.005955407861620188,
   0.004961243364959955,
   0.005956458859145641,
   0.9999699592590332
  ],
  [
   0.9999879002571106,
   0.00025101250503212214,
   -0.004916172940284014,
   -0.000280367792584002,
   0.9999821782112122,
   -0.005971378646790981,
   0.004914586432278156,
   0.0059726848267018795,
   0.9999700784683228
  ],
  [
   0.9999881386756897,
   0.00023002407397143543,
   -0.004874169826507568,
   -0.00025933305732905865,
   0.9999818801879883,
   -0.006013344507664442,
   0.004872698336839676,
   0.006014537997543812,
   0.9999700784683228
  ],
  [
   0.9999879598617554,
   0.00018137675942853093,
   -0.004904260393232107,
   -0.0002109994093189016,
   0.999981701374054,
   -0.006040345877408981,
   0.004903075750917196,
   0.006041308399289846,
   0.9999697208404541
  ],
  [
   0.9999879598617554,
   0.00014872294559609145,
   -0.004897664301097393,
   -0.00017832743469625711,
   0.9999817609786987,
   -0.006044726353138685,
   0.004896675702184439,
   0.0060455272905528545,
   0.9999697208404541
  ],
  [
   0.9999874830245972,
   0.00014732894487679005,
   -0.004997870419174433,
   -0.0001778684090822935,
   0.9999812841415405,
   -0.006110598333179951,
   0.004996876697987318,
   0.006111411843448877,
   0.9999688863754272
  ],
  [
   0.9999874234199524,
   0.00015679429634474218,
   -0.005005325190722942,
   -0.0001877592585515231,
   0.9999808669090271,
   -0.006186532322317362,
   0.005004259292036295,
   0.006187394727021456,
   0.9999682903289795
  ],
  [
   0.9999875426292419,
   9.059342846740037e-05,
   -0.0049912710674107075,
   -0.00012137521844124421,
   0.9999809861183167,
   -0.006167165469378233,
   0.004990617744624615,
   0.006167694926261902,
   0.9999685287475586
  ],
  [
   0.9999879002571106,
   0.00016452683485113084,
   -0.004916436970233917,
   -0.00019484192307572812,
   0.9999809265136719,
   -0.006166220176964998,
   0.004915329162031412,
   0.006167104002088308,
   0.9999688863754272
  ],
  [
   0.9999878406524658,
   -3.7152800359763205e-05,
   -0.0049242605455219746,
   6.915332050994039e-06,
   0.9999811053276062,
   -0.006140382960438728,
   0.004924396518617868,
   0.006140274927020073,
   0.9999690055847168
  ],
  [
   0.9999876618385315,
   -0.00011291512782918289,
   -0.004972380585968494,
   8.22785368654877e-05,
   0.9999809861183167,
   -0.006161123979836702,
   0.004972981754690409,
   0.00616063829511404,
   0.9999686479568481
  ],
  [
   0.9999884963035583,
   -7.386531069641933e-05,
   -0.004803846124559641,
   4.432782225194387e-05,
   0.9999811053276062,
   -0.006148530635982752,
   0.004804209340363741,
   0.006148247513920069,
   0.9999696016311646
  ],
  [
   0.9999884963035583,
   -0.0002262796915601939,
   -0.004786079283803701,
   0.0001970497687580064,
   0.9999812841415405,
   -0.006106872111558914,
   0.004787371959537268,
   0.00610585929825902,
   0.9999699592590332
  ],
  [
   0.9999879002571106,
   -0.0003104872885160148,
   -0.004920244682580233,
   0.0002803902025334537,
   0.9999812245368958,
   -0.006116501986980438,
   0.004922051448374987,
   0.0061150481924414635,
   0.9999692440032959
  ],
  [
   0.9999876618385315,
   -0.000380467448849231,
   -0.004952492658048868,
   0.000350285874446854,
   0.9999814033508301,
   -0.006093659438192844,
   0.004954719915986061,
   0.006091849412769079,
   0.9999691247940063
  ],
  [
   0.999987781047821,
   -0.0004056619945913553,
   -0.004927971865981817,
   0.00037549197440966964,
   0.999981164932251,
   -0.006121584679931402,
   0.004930362571030855,
   0.006119659636169672,
   0.9999691247940063
  ],
  [
   0.9999865889549255,
   -0.0005319086485542357,
   -0.005151623394340277,
   0.0005002506077289581,
   0.9999810457229614,
   -0.006144582759588957,
   0.005154794547706842,
   0.00614192383363843,
   0.9999678134918213
  ],
  [
   0.9999873042106628,
   -0.0005312547436915338,
   -0.005018772091716528,
   0.0005003739497624338,
   0.9999809861183167,
   -0.006152323912829161,
   0.005021944642066956,
   0.00614973483607173,
   0.9999685287475586
  ],
  [
   0.9999873638153076,
   -0.0006639590137638152,
   -0.004974913317710161,
   0.0006333207129500806,
   0.9999808073043823,
   -0.006157612428069115,
   0.004978906828910112,
   0.0061543844640254974,
   0.9999686479568481
  ],
  [
   0.9999872446060181,
   -0.000849427655339241,
   -0.004982370417565107,
   0.0008188807987608016,
   0.9999808669090271,
   -0.006129828281700611,
   0.004987481981515884,
   0.00612567039206624,
   0.9999687671661377
  ],
  [
   0.9999882578849792,
   -0.0008110292837955058,
   -0.0047703818418085575,
   0.0007816213765181601,
   0.9999806880950928,
   -0.006163310259580612,
   0.004775288514792919,
   0.006159509997814894,
   0.9999697208404541
  ],
  [
   0.9999887347221375,
   -0.0007808286463841796,
   -0.004692099057137966,
   0.0007518517086282372,
   0.9999806880950928,
   -0.006174285430461168,
   0.0046968297101557255,
   0.006170688197016716,
   0.9999698400497437
  ],
  [
   0.9999881982803345,
   -0.0009321030811406672,
   -0.004769154358655214,
   0.0009027605410665274,
   0.9999806880950928,
   -0.006151032634079456,
   0.004774795845150948,
   0.006146654486656189,
   0.9999697208404541
  ],
  [
   0.9999881386756897,
   -0.0009576965239830315,
   -0.004784666001796722,
   0.0009281079983338714,
   0.9999804496765137,
   -0.006182420998811722,
   0.0047904932871460915,
   0.006177906878292561,
   0.999969482421875
  ],
  [
   0.9999875426292419,
   -0.0010666351299732924,
   -0.004883319139480591,
   0.0010363475885242224,
   0.9999802112579346,
   -0.006200581789016724,
   0.00488983653485775,
   0.00619544368237257,
   0.9999688863754272
  ],
  [
   0.999987781047821,
   -0.001054661930538714,
   -0.004825938493013382,
   0.0010246370220556855,
   0.999980092048645,
   -0.006219823844730854,
   0.004832401871681213,
   0.006214803084731102,
   0.9999690055847168
  ],
  [
   0.9999871850013733,
   -0.001143203699029982,
   -0.004924905486404896,
   0.0011122411815449595,
   0.9999796748161316,
   -0.006285075563937426,
   0.004931990522891283,
   0.006279518362134695,
   0.9999680519104004
  ],
  [
   0.9999876618385315,
   -0.0011382808443158865,
   -0.004833510145545006,
   0.0011078139068558812,
   0.9999794960021973,
   -0.006301294546574354,
   0.004840584937483072,
   0.006295861676335335,
   0.999968409538269
  ],
  [
   0.9999876022338867,
   -0.0010568223660811782,
   -0.004857622552663088,
   0.0010258513502776623,
   0.9999791979789734,
   -0.006373820826411247,
   0.004864257760345936,
   0.006368758622556925,
   0.9999679327011108
  ],
  [
   0.9999862909317017,
   -0.0010813900735229254,
   -0.0051309638656675816,
   0.001047939178533852,
   0.999978244304657,
   -0.006517632864415646,
   0.00513789989054203,
   0.006512166932225227,
   0.9999655485153198
  ],
  [
   0.9999859929084778,
   -0.001052587991580367,
   -0.005191123578697443,
   0.001018501934595406,
   0.9999779462814331,
   -0.006564518436789513,
   0.005197919439524412,
   0.006559139117598534,
   0.9999649524688721
  ],
  [
   0.9999865889549255,
   -0.0010852055856958032,
   -0.005059360060840845,
   0.0010516188340261579,
   0.9999774694442749,
   -0.006636485923081636,
   0.005066447891294956,
   0.006631076335906982,
   0.9999651908874512
  ],
  [
   0.9999855756759644,
   -0.001235168194398284,
   -0.0052271271124482155,
   0.0011999235721305013,
   0.9999765157699585,
   -0.006740401964634657,
   0.005235330201685429,
   0.006734032183885574,
   0.999963641166687
  ],
  [
   0.9999872446060181,
   -0.0012289328733459115,
   -0.004901910200715065,
   0.0011958153918385506,
   0.9999765157699585,
   -0.006753271445631981,
   0.004910093732178211,
   0.006747324485331774,
   0.9999651908874512
  ],
  [
   0.9999887943267822,
   -0.0012361084809526801,
   -0.004580014385282993,
   0.0012047106865793467,
   0.9999758005142212,
   -0.006851828657090664,
   0.004588373005390167,
   0.006846234202384949,
   0.999966025352478
  ],
  [
   0.9999866485595703,
   -0.0013331628870218992,
   -0.0049997493624687195,
   0.0012982886983081698,
   0.9999748468399048,
   -0.006971975322812796,
   0.0050089191645383835,
   0.0069653913378715515,
   0.9999631643295288
  ],
  [
   0.9999866485595703,
   -0.0013700013514608145,
   -0.004989468492567539,
   0.0013347232015803456,
   0.9999741315841675,
   -0.007067026570439339,
   0.0049990215338766575,
   0.00706027215346694,
   0.999962568283081
  ],
  [
   0.9999873042106628,
   -0.0013693379005417228,
   -0.004842350259423256,
   0.0013348261127248406,
   0.9999737739562988,
   -0.0071231285110116005,
   0.004851976875215769,
   0.007116573862731457,
   0.9999629259109497
  ],
  [
   0.9999867677688599,
   -0.001268602441996336,
   -0.004983701277524233,
   0.0012329440796747804,
   0.999973714351654,
   -0.0071515487506985664,
   0.0049926419742405415,
   0.007145308423787355,
   0.9999619722366333
  ],
  [
   0.99998539686203,
   -0.001267145504243672,
   -0.0052633886225521564,
   0.0012290750164538622,
   0.9999731183052063,
   -0.007230007089674473,
   0.005272408481687307,
   0.0072234333492815495,
   0.9999599456787109
  ],
  [
   0.9999839067459106,
   -0.0012576221488416195,
   -0.00552446348592639,
   0.0012173466384410858,
   0.9999727010726929,
   -0.007287742104381323,
   0.0055334786884486675,
   0.0072809006087481976,
   0.9999581575393677
  ],
  [
   0.9999809861183167,
   -0.0012761905090883374,
   -0.006037801969796419,
   0.0012317417422309518,
   0.9999721646308899,
   -0.007359776645898819,
   0.006047026254236698,
   0.007352200336754322,
   0.9999547004699707
  ],
  [
   0.999977171421051,
   -0.0012061551678925753,
   -0.006651836447417736,
   0.0011561178835108876,
   0.9999710917472839,
   -0.007521037477999926,
   0.00666071567684412,
   0.007513175252825022,
   0.99994957447052
  ],
  [
   0.9999825358390808,
   -0.0013200904941186309,
   -0.005767751019448042,
   0.0012772042537108064,
   0.9999715685844421,
   -0.007432909682393074,
   0.005777398589998484,
   0.007425414398312569,
   0.9999557733535767
  ],
  [
   0.9999818205833435,
   -0.0013696638634428382,
   -0.005872312467545271,
   0.001325797289609909,
   0.9999712705612183,
   -0.007467486895620823,
   0.005882371682673693,
   0.007459565531462431,
   0.9999548196792603
  ],
  [
   0.9999788999557495,
   -0.0013927080435678363,
   -0.006351118441671133,
   0.001344893709756434,
   0.9999707937240601,
   -0.007526563014835119,
   0.006361415144056082,
   0.007517863065004349,
   0.9999514818191528
  ],
  [
   0.9999854564666748,
   -0.0014120601117610931,
   -0.005196098238229752,
   0.001373687176965177,
   0.9999718070030212,
   -0.007381129078567028,
   0.005206374451518059,
   0.00737388338893652,
   0.9999592304229736
  ],
  [
   0.9999837279319763,
   -0.0015236400067806244,
   -0.005503365769982338,
   0.0014823646051809192,
   0.9999707937240601,
   -0.007496335543692112,
   0.005514626856893301,
   0.007488055620342493,
   0.9999567270278931
  ],
  [
   0.9999862909317017,
   -0.0015544185880571604,
   -0.005006434395909309,
   0.0015171997947618365,
   0.9999712109565735,
   -0.007429418619722128,
   0.005017839837819338,
   0.007421720772981644,
   0.9999598264694214
  ],
  [
   0.9999831914901733,
   -0.0016730352072045207,
   -0.005551034584641457,
   0.0016313259257003665,
   0.9999704360961914,
   -0.007509849965572357,
   0.005563434679061174,
   0.0075006685219705105,
   0.9999563694000244
  ],
  [
   0.9999854564666748,
   -0.0017079547978937626,
   -0.005106370430439711,
   0.0016700176056474447,
   0.9999710321426392,
   -0.007424450479447842,
   0.005118903238326311,
   0.007415815722197294,
   0.9999593496322632
  ],
  [
   0.9999721050262451,
   -0.0013194396160542965,
   -0.0073511116206645966,
   0.0012619406916201115,
   0.9999685883522034,
   -0.007820956408977509,
   0.007361199706792831,
   0.007811461575329304,
   0.9999423027038574
  ],
  [
   0.999972939491272,
   -0.0013272077776491642,
   -0.007241932675242424,
   0.0012704492546617985,
   0.9999685287475586,
   -0.00783648993819952,
   0.007252105046063662,
   0.007827077992260456,
   0.9999430179595947
  ],
  [
   0.9999734163284302,
   -0.0013588067376986146,
   -0.007169227581471205,
   0.001302509568631649,
   0.9999682903289795,
   -0.00785144418478012,
   0.007179669104516506,
   0.007841898128390312,
   0.9999433755874634
  ],
  [
   0.9999761581420898,
   -0.0014520719414576888,
   -0.006750973407179117,
   0.001399240456521511,
   0.999968409538269,
   -0.007823899388313293,
   0.006762120872735977,
   0.007814268581569195,
   0.9999465942382812
  ],
  [
   0.9999766945838928,
   -0.0014475592179223895,
   -0.006676562130451202,
   0.0013953478774055839,
   0.9999684691429138,
   -0.007818140089511871,
   0.006687668617814779,
   0.007808641996234655,
   0.999947190284729
  ],
  [
   0.9999775290489197,
   -0.0014273878186941147,
   -0.006549022160470486,
   0.0013760566944256425,
   0.9999683499336243,
   -0.007835802622139454,
   0.006560000125318766,
   0.007826614193618298,
   0.9999479055404663
  ],
  [
   0.999979555606842,
   -0.0013442171039059758,
   -0.00625764112919569,
   0.0012954113772138953,
   0.9999687671661377,
   -0.007796891499310732,
   0.006267926190048456,
   0.007788625545799732,
   0.9999500513076782
  ],
  [
   0.9999808669090271,
   -0.0012673856690526009,
   -0.006060302723199129,
   0.0012203238438814878,
   0.9999691247940063,
   -0.0077629704028368,
   0.006069954484701157,
   0.007755426224321127,
   0.9999514818191528
  ],
  [
   0.9999829530715942,
   -0.0010815481655299664,
   -0.005739997141063213,
   0.0010372678516432643,
   0.9999697208404541,
   -0.0077117206528782845,
   0.0057481639087200165,
   0.007705635391175747,
   0.9999537467956543
  ],
  [
   0.9999839067459106,
   -0.0009354703943245113,
   -0.005602644290775061,
   0.0008922168635763228,
   0.9999697804450989,
   -0.0077177355997264385,
   0.005609694868326187,
   0.007712612394243479,
   0.9999545812606812
  ],
  [
   0.9999850988388062,
   -0.0009075168636627495,
   -0.005376352928578854,
   0.000866234302520752,
   0.9999701976776123,
   -0.0076759145595133305,
   0.005383159499615431,
   0.007671143393963575,
   0.9999561309814453
  ],
  [
   0.9999865293502808,
   -0.0008625133195891976,
   -0.0051182834431529045,
   0.0008234125562012196,
   0.9999704957008362,
   -0.007636621594429016,
   0.005124719813466072,
   0.007632304914295673,
   0.999957799911499
  ],
  [
   0.9999874830245972,
   -0.0007776787388138473,
   -0.004935115110129118,
   0.0007399216410703957,
   0.9999704360961914,
   -0.007647938095033169,
   0.004940917249768972,
   0.007644190918654203,
   0.9999586343765259
  ],
  [
   0.999988853931427,
   -0.0005203519249334931,
   -0.004683334846049547,
   0.0004846162046305835,
   0.9999707937240601,
